384539568
832552083
270133968
719519536
367071194
834363979
607261791
701789261
757421678
638567307
970001022
293903185
459063432
418842811
645851161
554795659
170254116
305348776
377251683
64356535
688235080
219255343
911625370
229101261
507581465
539027894
138902834
550880174
707654971
415723453
549171645
889391668
167419169
139298497
45882148
355147771
905647222
214231286
739080052
371974222
700163064
605628566
361870087
123095035
760531943
34862829
779301678
561414485
126564037
871225830
478697937
99372049
672146903
612285556
278813480
36838884
747880640
572495187
967906363
471880351
993002625
318323151
399651435
744733281
605449569
532902796
991876199
753451310
436363902
16749247
850802093
345149923
249774510
37854550
417723007
253952113
239155908
759774105
590658518
750877570
525206850
783999376
383963032
526422429
421585518
662096628
534427271
296365315
801340866
668241510
686966147
250873326
967670493
655999767
384270295
419326922
560294737
656473975
839571602
439173598
718538060
586690353
604490207
857761895
265154236
629252273
681331495
904197700
166484909
662541941
867170385
835225736
516383022
85853442
616158074
643457192
921274871
397708589
872808215
513874609
829604526
584139603
382765524
64875259
618460429
199383540
997060296
283516860
989228153
939548038
25001459
295776097
37953579
756988910
49879303
199071897
32828574
330840088
345890663
665263562
648280209
399578333
104581886
709557800
341442167
782278755
506771543
495486050
455201558
557785859
19809986
773014614
224623555
711152191
682680618
232228968
172950456
841157368
792800189
747066790
167657146
996908922
817330224
904227497
134009664
560633268
446659685
804224464
874379762
549265744
74031808
625682028
929043811
72119514
74342100
878259752
764178878
460662241
565629968
385872801
331855310
596180265
289262867
63873896
779090309
519247398
905514194
585648109
556276561
766166110
64005122
708406238
792510054
397373155
813222677
62588599
148382010
942930234
165758490
999149441
773644105
184946394
930608457
137569027
888996602
450820941
962348306
148718722
592297162
32098600
347828880
906152979
596959126
890993278
117926476
620225025
588813041
587737484
797475392
515910031
607429176
204890378
449124108
718966073
153978759
512546115
699885906
442130525
95624008
914214572
456019464
869756111
68524011
295156732
872668998
467331565
156839054
69026250
63352922
839888239
70721558
122777630
783485643
95731811
491659355
939901532
148681527
856387189
166688534
395017059
369486208
269755594
828610417
722084861
46229922
274749467
902073005
3535160
63804669
705429575
884603799
228163563
133399390
66651732
619135651
478530552
557630273
25019687
155506060
398965533
396520354
791656725
83440349
447862170
921460041
628094548
707670496
203541134
323366133
91992920
869581219
282918057
40976155
327032282
238059122
730614593
294045345
300519508
438305955
149160541
769356253
181324604
616115935
614790939
338065925
959735720
309041069
514641812
627827676
440313211
676901706
832421657
757073272
47995046
432909034
810283019
571464830
878762496
363187325
688419592
704462480
934732979
744753282
402223758
916662972
843576840
121848758
596895317
959309080
930987702
92459183
957403126
137042580
72246704
603922680
316852488
264599384
791972714
39083002
27912063
220576380
879768341
700639783
998551748
693374402
954709017
773833921
158361327
917900282
170476036
313614057
494613377
808602207
272209211
738436278
483493070
879589747
387936916
161543464
298068401
953526403
89615479
462070576
112478485
632931137
556477906
39907575
688459414
858794743
571045437
513284723
596679195
832735298
505368830
312348845
789068444
492993637
152996253
644378331
965753122
973502026
136139700
666600209
83280078
489387483
554660310
113156689
535469084
320735756
303948420
738780243
381474203
644393371
125530459
660600845
487462004
986315479
260107839
464212499
770800137
153089331
345096270
87085445
102219911
792816806
583084983
60925245
50478702
787836889
400078382
23680744
935003535
499535611
198946079
5516298
816641729
214801579
157136805
228930337
844723533
731592923
895509078
707539637
372266720
416410956
930189344
436202235
959246366
476118604
977280851
947144829
172865451
203774292
791129152
567512045
417519665
127723371
953969928
615517176
143664767
29772526
450323075
373403896
566540621
449459675
752374102
40690043
158104386
917134291
31550920
782709201
678344809
955281523
958766021
830254494
188932148
925816846
241975603
125231644
339881487
135183392
242770406
178842619
385929714
268459891
781310419
15484127
323145072
213100442
422724653
26310604
880042019
309715936
127183588
670838960
203902981
209694476
949125717
569578156
363791191
385104135
508785766
659493481
628804101
315434762
278656507
887566858
519141644
185524370
537835636
346808490
170453968
993745416
252423794
304005291
410966798
14870868
395534108
667333171
17286309
785623306
599633591
36474940
883166074
271103525
355643788
988075433
888791962
707804971
634983047
234228915
767412691
813682759
671421136
824257436
362542686
503864892
53778522
231316997
592509868
479555109
566737785
170174627
43269288
72840455
944163743
726495608
970590668
203198479
165636630
745099822
479377409
580428131
7245840
1009754
791748271
386410271
76819059
335127221
67805324
243101004
690547860
257114885
677728693
735082864
52641391
709442865
16805682
875081582
672734159
51393304
731265779
806816721
672621851
550824265
367638418
294182065
643497144
786049786
930449711
414101390
905374284
729377403
655257325
940244305
772148450
743467359
141443407
715091243
298971784
595747466
415319246
515065600
220286625
202453023
210088267
239741764
396511501
580235171
376450174
18389085
769721009
100286980
834720665
649067748
484553587
977742371
562972911
857654594
838205363
261901359
972050278
414346836
942413424
33791667
750416745
997215726
650599689
86213831
571867684
889117632
790301680
434468684
922840295
594231248
724150680
471289252
498719471
112638346
832083022
866061935
281839205
884442211
708342869
236628905
431774168
112670987
60354723
740498337
962256703
539551536
933661860
963412579
54144516
98820184
299000679
874872761
924423639
563440728
964661178
574943978
525575186
996528147
100906402
434112430
433287950
469622763
378075694
278634324
450412798
490192958
655394942
173303386
296658978
786381846
893816226
568927767
578698681
270277788
774667926
305278219
518901582
926842149
669300070
925319489
227876491
790407739
11069201
300373034
393509270
188508127
846853018
49644824
517753397
360501084
544122144
412137129
164922494
823735587
274561004
123133622
479473532
115878723
749342236
617704490
843779326
736085102
625991843
920275086
699451414
948438990
785805221
922239851
289846904
55565551
546482046
37016516
656941285
987085629
279356512
609328194
409027030
461561740
689064050
184932724
950756565
734179557
254172628
250119983
83697445
218867905
187638355
373540956
633157977
345392795
522376381
372412243
764877039
675230983
931669938
613375418
995313707
800681645
552278329
453791951
742759505
537721570
531560860
527229285
682652593
141344498
742972673
763606129
910905929
880932969
646301006
46936247
966268186
27962350
437180642
817375944
176306617
604322448
791983436
418385094
930613434
585690448
654569914
491282793
296137934
598649771
383389942
873661884
199337410
182985326
804867802
447374892
214221508
286270040
8695301
832983457
839407367
508303399
110678386
252659486
8952808
722705920
517907205
397434475
385504336
448902795
289854175
919400847
821619427
887504228
807473932
421506123
435759311
645289830
735611322
935834366
53343184
334659746
469405483
664439874
471488039
546738963
695989468
967192995
519065001
302179570
597302543
9393480
239808650
757622227
214321860
705497147
296400525
295130627
866541782
175544529
40191338
296170822
633592404
421532063
183210073
910471611
801788141
31835960
774092460
981375961
151679415
710711434
979846510
883761264
767703599
310462004
716755196
251679345
307627306
381038747
793323794
928395153
358777396
630438931
553166109
838643697
920407887
898204165
393410249
688137867
819077189
979960177
275250521
615347564
1678467
399278313
54587146
802607886
860395680
76965185
676955523
282858999
185522464
556438525
27882618
765727134
153368429
263132582
501309012
241238247
14889900
736932215
556718298
241067223
717431786
997349399
758912467
863001013
432005003
419673497
403256708
141050687
399888061
325725439
878950663
403172204
500046536
37649409
155790580
516112220
521388424
721001947
439701386
279538828
31552194
347876629
586908345
570526735
678820441
642667225
357771561
989108900
325343030
278902785
252218165
980947864
734014412
205095024
52399633
484806583
13859645
428819650
794552257
804388734
214659504
543149988
303917533
39182528
96155382
847862957
166504434
407920822
40760254
703699524
655584022
211163974
619657795
234834097
978272152
638736719
207884545
664390414
338470156
848262741
749332722
350064160
482405592
554970616
75932982
356226078
221561400
99502859
195767472
947934939
523671479
404776222
178252486
1329664
586330812
213734344
860905142
910137297
606043550
196269027
767205716
917961901
830567671
786292523
329955094
203239382
977060748
874581367
639579700
360548180
930007192
499552883
394683415
928423817
196296568
950062459
761834703
220713942
110494528
265558898
406738141
339571498
240639624
294300882
787605581
900579306
89817420
713952078
584354425
708097601
32337327
858578258
973084176
905925174
689729802
496527837
744914890
429872341
153421343
2463342
314372905
895129901
719586358
994953956
352905118
385227444
348312199
159348870
139341601
600646152
280660616
668328614
923065316
926655924
450783448
834053108
52987579
587604031
182328624
310371103
153192400
88911745
659239104
685309182
3816601
718762656
921985815
281388717
286845279
368152851
14442015
308723002
580911770
907063318
989333585
642929845
275537014
796519084
697456933
754567830
702514880
256114976
519099098
356307542
545093175
230367854
585617195
659038562
70404475
232331412
780459370
583633113
473873171
696223071
757751694
705702163
160096491
904614429
10730700
318270718
203667930
497931437
456779692
477651703
728338106
904262365
563077942
667259249
905070328
294505224
850536612
152732982
109474426
721183868
83390186
747473214
451395214
368892242
429311212
289960035
818024400
435096186
881569714
922968797
95985908
34531691
161187107
305705891
92132813
186811646
649691515
331445829
646269890
709383655
200596258
703467014
43133133
155130173
265529057
952805285
369651536
750982211
253491410
218979355
187182320
700761609
500355222
949775946
399985779
959609791
169971564
163791893
934886933
442304798
420168893
682582709
593472886
506120707
211827530
70209544
764954641
289550552
392804793
693632373
60404787
808588779
653553889
95859849
398027499
944427351
583766545
353469810
372417628
348802657
772492618
891677059
722719703
132902511
124055903
432323471
477687982
836811346
71230796
816206001
311363365
105381471
208835343
685867847
795104347
358585328
188282232
3053253
897652559
615492461
895470039
202465088
748235836
822717450
853156221
59147381
315442998
457138032
440616034
582142964
18116229
974388011
642036830
783655037
907005927
109417470
328424844
864443760
310060141
723015202
581261920
374381692
413174770
763000674
153255980
422355400
868452054
332263169
4065850
867006490
133147196
154419812
220302087
286791148
617622754
940891272
369971351
101389437
203798614
894618071
915579873
783272666
51962495
139937016
886597633
158974510
525177567
241156334
91900750
862448173
71873711
856718290
864143797
693260719
802865164
811778596
729261466
9243900
214837009
970670809
659656510
800549645
837078942
46519025
821174239
856150018
49932813
207455514
317990393
934947245
847970824
298235431
117619851
285143281
327722952
935998651
840295764
118533881
156552713
620480094
946865203
858856503
939755508
97640519
115468799
870613467
291270164
888813042
440115852
346212751
568404459
345025351
501065767
581085179
255025389
438557269
712084370
693611646
21937818
936896271
771441722
53859566
491492534
175455089
90521360
958956874
628684859
920734580
771411346
688320927
106813971
462340
228657804
417052384
344833128
981803211
79433710
672254236
367509400
811058054
227818755
756870110
554630988
270771150
688294361
5599774
599263989
22017371
745824738
935934249
922459199
596094820
478462695
453608602
841832268
680766338
340053960
610698349
866855203
340550483
424402016
536549148
63635380
212630384
415816812
744633050
794360322
331988277
754504325
482001658
699184295
143561553
383243037
668607545
221015989
118204375
412299154
170003859
355760395
131305363
959621107
439184268
91651216
313683643
624630984
816530183
990154707
176585194
435295958
818981600
2498387
528334140
741374459
836529525
470427339
684631572
936861481
615717223
424502437
527978404
447363324
148098101
835789892
84218117
650534718
419794801
84685796
24029833
623466141
344636412
109138848
208659333
677113263
615114730
248513301
31280394
738732343
643414782
726918007
189367346
500676317
978912094
147112490
224202584
288138671
440562911
557646867
741507163
927880715
180084611
590228614
532942945
317833529
58117238
367340440
578036845
449814031
625565375
930529176
596705977
24252227
427261024
769640975
188354668
286765162
646371694
161996600
212676758
106084279
657596622
974929822
414306707
854046538
326942323
407751362
775413499
498487104
723916045
592723331
165910720
725957980
35791809
104529640
863111233
656519324
271562977
779274978
566183938
178550242
19270357
590904941
541833642
913542629
931161860
959923766
377561534
374869988
832464496
982956191
403286680
154604846
397969150
202295744
756095431
406150929
572589575
355825409
747293310
485001135
142327819
309311832
903688822
122168537
643052727
368905511
619044726
39587205
457438820
701909045
690277043
945347297
336238893
523593965
412544567
731750459
380139730
508446628
262060050
801388395
489031660
414861820
69270812
882110912
97369675
49228635
344740433
577300479
302706576
48508919
779217866
119726812
230238366
455775638
212198201
828642145
646224623
670636673
924027817
913409199
457932104
788875657
924916576
627905228
625317841
910571113
358316923
617456739
103116673
697062564
589478602
237759175
207637540
454747725
724325642
867539313
840225984
174439114
371448633
153282103
508347356
65437269
905040692
770521681
15369893
497518606
110158549
993966081
293673390
315542147
430558606
835148289
847195185
35165217
641454333
518525912
734470203
506940909
82682279
162622732
913413952
750599254
317035355
189397863
910650415
316963997
779565376
541748269
201302302
685697977
202134797
541978119
751238396
597883469
851363937
145290122
510609787
448099308
769223699
250450590
640372513
259422003
765981634
413927539
314280795
341467094
156468006
190129998
489064435
496612128
747762316
92723988
112285574
406204622
644516082
335455478
751315528
992220034
716585924
482068145
109590756
27088983
973525926
253638990
606293680
29139238
607173965
602070621
144710991
313960616
428845469
283331731
993865266
474435912
276303196
789569129
988108335
310151898
269420231
83218809
257678439
615259220
492268220
32043067
764606742
357192933
234617540
458512336
902495899
972417659
920674498
713043144
751270500
408671108
540979140
516563124
183646067
740028316
907116030
74748311
931244472
754267832
111911538
867660156
277621378
658943905
434266486
436038156
135791352
795003555
367779122
855275717
234334991
720773883
731850985
441743583
77080075
511181653
141047260
903923905
102738741
547546197
43008559
255577332
140591395
527731277
489879819
325256440
230118085
513699727
503894584
6223652
441778847
774728665
105806622
602922669
403308097
470966270
586608005
344629957
729796287
106132485
621203210
768746967
179339568
685598991
809880579
130098705
894972631
91720362
458114545
90952711
31069120
819041186
113496288
707211002
932332333
236813655
600073425
54848402
215167604
992678117
757377893
421885414
216845121
326762757
249018503
429444224
101534426
545771542
983732360
568169158
108041566
818877363
868221553
315751518
655296789
720843045
175683692
903462174
753071497
304150365
204306186
684813509
397792749
144966848
20356240
233259058
309500108
512832747
370076259
361517730
556564250
912898048
455310540
474879718
538941293
473288664
476387342
882640529
808219117
659483668
558634177
630822071
669538337
583429077
81732205
44532183
702139040
641411543
795779677
794785388
128091662
210685245
802250898
713023299
848540505
500045510
247423806
63651934
657555993
78085431
733358315
450483556
105304427
379970050
915064049
460743672
601110362
103120630
975252166
670871730
138211685
108207160
953575628
161322954
498615093
417734254
228881742
733405939
962222980
228085632
82664056
518505204
448948953
516164768
236449710
160626315
112600897
926660119
395618692
759450991
714528286
621693787
199037972
223864748
651261022
196157873
360992961
238053755
705685396
722074392
104549661
704571003
478011267
247680110
586048241
418680801
194593584
239723691
68993235
164290250
764017311
592097982
231592273
389698857
595475257
831540398
471933206
64994741
589964977
573502231
894405788
343900960
875521048
794903867
928240099
951174769
237738407
698315906
766472083
103315956
711127134
93150351
412258157
549180875
695820112
160812403
44880215
893984893
554682402
173857854
55455023
275031411
921352426
458655496
115632981
165028383
113260403
18876586
879279943
656462826
111319607
627065820
513382725
249465526
14031583
372509178
671051489
530554947
418333385
290931075
468771981
93547208
861020220
520738058
86205828
43993272
559099248
102653454
186746586
451252112
12024916
244937030
519555068
725855455
827952207
220724793
892200899
669390381
702891059
518993996
412298663
729064543
196608968
559638731
224454353
926684482
39314267
375567415
460544041
290809144
739826296
214078611
579112431
893786450
534838140
840426009
177292817
890540041
990344775
699511645
955981938
987619479
174446238
56068611
652522049
194826728
556079103
983912279
746127330
135322033
1396243
94569696
341066055
801812871
575400315
443075087
568906426
709610012
865306390
475668748
923724921
676745093
318956163
286458062
226290121
864227628
815345850
781985100
893712065
230060985
679573341
164713335
268039927
783233325
222696276
911474867
214549891
270844529
428612651
798756151
471174501
405492800
472252071
64707965
56270131
885893
439407602
388336246
706238604
954634896
999422137
510026607
452815420
218485038
713961465
345554891
955127614
893082666
339454424
158805628
878852225
11822164
878655320
151958401
911816482
685992984
88712795
590556139
277413450
766716005
725162550
615053636
877709733
212235102
980922285
106060204
344781136
706570041
687702606
29593006
683227986
70532558
831095784
532655196
918267184
611512814
96479715
454490785
529281455
467713171
721768884
748546948
763277977
42160506
214164744
933856356
864472651
846912405
757248480
373385158
996497577
651994852
265403677
180231006
649810984
691669350
343401817
450360785
734051394
385272848
242809578
102031683
879912805
427438432
705274144
999754758
75629921
146132060
693824015
750320760
212414380
657095822
269702588
412575132
156686295
107492581
723270141
590368161
337608106
977759256
165985772
126907878
745269704
4041831
668488073
782327080
405890393
92462248
940167078
50270034
11774807
721716668
715454633
123690219
468054607
727158934
933887583
82106719
255008285
541865164
945994736
261832953
281888680
269932104
92616999
842137080
706061843
853185650
911269173
978875436
320320838
1900191
380138967
810508057
682008489
347814278
575435181
938714091
670986194
271069307
623426515
498666452
348525027
944549706
188754539
355688597
127806032
502745117
967182686
869950140
39103423
135500213
474211925
640991707
520987110
353753051
775720915
229980117
32542900
260831145
175538063
378105823
286464097
252883944
515197727
572638630
556381570
677604953
272561316
807970574
662220026
207374072
601518232
323031686
915029399
266793538
924604691
957512659
895457031
651876999
246454456
947079901
650665879
66749318
590055875
737437220
987595155
324974116
240577582
384827148
360449100
686825121
597312280
824565078
808854980
880834373
595758076
992336064
763219924
795223625
408028838
18320289
430098782
202430528
861971172
459299438
759890751
449506021
272186904
550457028
671319068
620099532
505045385
503208097
849383291
903046379
443544369
355038387
146069151
125885353
718441778
840300354
789255793
468258826
152887459
830302179
151633626
692312328
102185833
523708566
751452277
622569894
739571698
747735343
852815492
603349802
509015727
915028111
179300015
669689022
471709789
713489978
115385497
655157433
899843935
484155907
632975293
2656982
199222936
387467286
301643360
658615129
180348753
891401651
119915863
437240339
971623307
902623891
449686153
880444722
310120166
591573744
572281050
966815377
811936075
720968715
869340020
252315604
779795730
689586236
270249620
926183886
42564004
440541562
580636255
173618973
169394435
232724902
543936904
99558849
529780707
491109275
296796438
749142553
444566073
375484896
969578115
479200749
381450269
872753858
769064305
721055246
400681081
125107770
529485602
292632582
318933336
315072316
911656744
744532295
640876889
821235350
461898285
632261478
233525216
157860954
973958221
710375659
504113280
116757672
75227240
148060541
787543614
367299359
148793748
915684761
303434455
283039309
174643400
430455490
659126076
95394652
313550640
28216924
483688255
899051406
779678896
462298515
974803693
612909017
624614833
424882122
740903108
431720384
152304565
622110172
56963041
639761542
238784937
255619393
977606894
443223352
919398966
804568467
603933431
528963572
552613126
381278046
981913534
461513350
832593366
551172738
911387070
585533815
260453160
977950276
963218994
422800021
82833364
294957739
512721032
856756981
695892887
460448287
774798167
232044891
785898219
811844122
692862523
530370244
789924418
697950054
887886401
969060534
516416345
223049545
179631623
908008744
363812833
315825039
595336584
386118319
171113639
292363606
711596352
575744535
123180516
692546573
365280049
513000978
531419501
35664038
325786615
716062385
416051930
826461073
213063660
901716946
565013165
132294728
864926729
593204420
113431500
463645809
132155069
452925944
917020756
54827532
385303794
158643935
416053454
333036482
879322586
959716159
385779533
753382552
801223479
672103447
97573147
180287607
750915487
839315963
668524314
629704418
447654255
678978419
816400476
769586623
191428396
615428117
455516721
607932359
893713873
542076928
912784066
821687749
755292796
777321198
97980719
326918184
963083738
716235307
116344668
402447740
585899882
630086218
923537109
282499997
871437291
435585924
735387069
137338168
545619485
236731851
105735006
110180561
8897492
391961431
427465034
562970864
372894258
843977406
638011693
196782979
988504802
960271371
801890230
301913817
617709381
179988273
133058653
577813645
405269247
471390471
3055012
89297563
100854224
453185250
932596458
755864476
14575211
291069829
186096860
986068358
901213296
663126495
749887306
540616607
411255151
503873379
908742592
410721379
658798902
394981726
275359749
928552366
321000489
649298465
442235897
908625987
324028381
497227214
951925321
827152027
900394619
67365617
265661072
544284580
649268975
604342661
662431880
834501094
102259881
205867696
146106160
851670327
631479105
705950085
710133094
696185880
65336514
176111856
998160225
929685404
557436408
66888271
287183851
567715044
670414283
855823566
209139831
78126153
586770525
433628305
208909525
908361155
545569402
787226172
575752412
605542109
460061819
410387004
116888572
633541151
66618330
604864501
630216806
170413287
161844599
182916760
292825708
572356418
532997566
228114806
446176832
378746620
607103845
708554381
376122151
406249840
518001980
528903506
755519355
88520703
919621907
84836058
524758178
157034268
88642216
138904659
841469038
62214568
125216527
884578117
281720972
276894023
702458763
64622938
298883798
696578761
178756651
154698569
727534187
697833045
248152233
462560946
655672533
967085883
314642397
910838277
367086673
431865692
745922974
355437021
612426861
473325838
904823599
999256988
751680238
795377524
18364814
85877101
911685222
880336043
520409275
447499236
735836921
345132665
878149839
880510242
779444876
710138627
392539725
365469040
636388062
894291243
283052677
707519327
729684458
78652703
380500537
50028306
17397886
797122815
191490275
583115318
498974917
54755333
829842104
702181109
472814000
620460561
785343525
484475570
992453159
69700692
758800926
951107461
521895158
215158871
693336516
553004535
881988801
994621422
611636128
761713413
685282197
668871370
653224544
718628110
489760838
807963979
997173741
99550949
286885715
988498266
711628774
180980084
941195626
432295125
2636847
617781850
119247729
792302562
473048099
871321024
182354029
826724408
607154265
977497513
933282935
532191439
100033223
559918246
384424830
251975827
773326793
223566660
998862308
570318353
533110925
298595412
745615487
602332624
431591431
495443850
525177635
713180444
528677545
581990911
153752801
115706637
429391509
277065813
34141364
339717079
169348973
670750774
148808461
736559115
173680782
372239071
509744968
350351037
609012803
750873056
595988019
872496685
907813140
677033290
224760869
908468922
708655197
521846385
119318375
330853361
663773716
373874440
180802592
478213466
605397980
196601381
524943350
402328379
89765191
302612915
150887093
352761070
127262150
419592165
478989208
845786830
843139183
670687491
613743188
563265158
629602216
727969366
289392254
901912506
440003765
468276930
489655085
702368093
677092159
762272406
694026869
487487647
111122131
318235653
272171430
780148387
978044444
391569513
304032032
677731538
506167261
755194397
432999385
29120016
942002593
32451645
30730180
670057278
748573583
831351541
846629684
309131096
804173191
713363624
699008930
553716060
971627649
868497847
187308449
204115462
442055638
512338528
700772394
950947256
174775142
128967938
714337860
654971643
175195331
632405720
75578411
686886471
459733227
331862322
240805867
296642059
445725050
9775162
260101659
646737554
580555589
784210493
62698924
286049741
420392289
159808086
462381730
232275451
89281129
561248383
41525625
965231695
337729044
419664902
117044308
653234207
119537829
429820751
620913745
62805849
972929982
409317511
105432132
379583380
81366001
62807936
824680505
52637322
799521079
465602886
677218648
61654380
839291028
175077851
984868726
196327883
934112030
296955958
611006942
195227812
847575475
643593915
475578770
435572416
880929606
181598188
29063628
246112373
576801933
17315695
136632761
505878716
363601993
958135224
919720352
201896614
876970122
999184499
766703897
853837761
330382490
203151938
59649404
806850702
131261395
18832729
847863331
201727047
46043574
258071192
302617268
46559906
830094096
798168181
295773026
435904127
449016487
649850225
711986689
775038936
999597416
613439704
752757612
724430789
210286207
549073843
157812611
706716356
966732386
116107664
312291619
368623062
967986945
582214080
620793835
353329514
470262323
639762010
624529349
579324999
424964329
428969604
278966368
748840714
383168374
857272792
335196503
8706565
187482401
122753987
925999048
544954096
929438033
544111874
683048091
522480190
291859288
712780885
567660958
691857545
767112496
50356975
335066025
691636259
683941849
718852999
176723152
614930662
49479820
657625307
901961698
868745277
180466998
230742282
760362495
784028481
997795298
303331329
766089515
156500412
559850333
18232300
62901735
915403128
585479074
170033417
20283039
97140001
174460260
431515255
568063686
702716294
671627121
919821653
649585344
711512055
65205486
247716308
16328698
689885367
807300046
154106119
472025802
917674273
496103857
860515786
519147522
409660834
845132976
595924088
263043897
325840893
777021589
216252649
998956414
585962782
792647240
526469118
676201802
519184069
991072682
479544156
26858024
434309693
349849334
725235607
22394555
233094294
439399458
471180922
562679785
924972133
557797117
647957792
886531505
960266530
769031134
366668957
349967097
673882117
145013274
158520770
790964989
387272944
524171721
920724571
750456222
19622528
147152723
159941965
178151876
694450509
994238445
4229892
411363442
327538948
471638200
613783295
660320794
168115378
59439691
691123672
690282106
415658967
801975502
309183171
822316708
781185835
748259141
166419868
198338767
879110727
262516353
565349521
956333231
967496946
335777323
565580913
862614158
84484584
747145657
50605435
259788940
173071428
188828720
970653668
362599984
309493901
927293803
319990116
841769814
690348420
337765996
886016256
686557638
454135931
563438379
341537447
233013507
715330693
444577685
968904969
404679575
360871561
940037279
744596757
477714197
579372443
510218477
529378369
754845774
484566951
455652255
296220540
96780138
854303050
659329862
349270740
566894704
421662845
265291062
277744079
64924424
853564105
374191745
119929403
63671755
968322164
675122646
392421893
752742709
349829416
745561725
704178328
845082342
919954661
442995863
194273811
207254968
254763246
386042754
499434295
453498620
2469088
694029972
470797652
494540272
472837743
684789553
609544116
459305509
991117334
841817118
240874552
26153059
653209365
909871173
284060678
699191346
40658493
826127288
320032410
385922730
101250354
522447196
914161910
664542548
256245633
365688243
701647731
681046982
906663960
821095879
47733978
892721217
411124053
919770214
667430061
447069735
559239665
927228201
956686939
527763004
725962896
672660073
467456590
276474387
483117189
138309587
849370869
829154161
400053894
379348055
634590859
217261953
933300917
289115463
682897602
316564222
538101474
546382019
310371449
21116358
807760153
17238041
692840056
504237188
395495871
840304169
814700632
999759460
381466807
608892272
573226340
222670206
545334358
430981426
204681695
346225266
580884580
842626719
23189692
659173518
992416787
55657405
444237255
683374478
160653319
559241792
553602734
603494432
752915522
111062573
755678078
682443767
303727080
521262353
909833821
18806018
343063012
698800354
273616999
871855676
798670849
67178653
793615416
769471850
773183577
755429802
437394813
6803940
164863779
219020325
898466992
157082725
526850418
620123110
662222049
68637867
355752364
134685207
139297424
684106277
871551033
891316223
146775709
918058325
403909625
811904971
67846285
956055550
452763890
310471711
384582762
566566039
843305214
41854176
371785627
46704392
250333732
824669275
740224247
713741544
594026007
179272140
620956522
437251739
735659309
586080054
764574038
156660641
752922462
836395507
999587943
456669688
559840908
427572165
62168637
193750463
377281363
705040477
488704480
450149115
930327031
958036585
663349213
233482449
346911
26819136
433706666
859915704
594638646
109699768
223076481
496491149
257597992
395333458
358018614
980589072
253073998
470298428
323965878
163647665
180028914
791328922
858859056
28948740
578006963
398314897
536978186
685143941
986441818
203746139
152738618
995987547
139105614
334093662
80990289
567133784
430583067
288566587
845814021
83263071
951689660
860171904
945430537
92776025
13660456
615308020
391166278
160638342
719478212
709053061
866156115
12333847
942727557
580839973
359062057
764356999
180164977
194612909
756015896
459290313
210041444
173990280
754930369
599280395
130950504
867668337
111878527
770696879
12290166
806416354
95086455
414861514
455164063
977247452
594452228
627237980
789767543
254424685
550511901
330463915
734036933
540352827
541851026
954969975
5187907
893307906
242463449
544952786
58145076
808096767
129865695
104574324
313999438
889369826
763345663
345237587
168691841
653146163
206427262
660326922
735311199
381526678
677856554
782310122
306711280
770878915
36621402
329774350
506795227
586871716
151658472
790924749
351041270
332043580
14573451
782376119
259166966
801998748
582684572
764849043
812539114
246550681
822943119
194172317
184838421
394922590
54346144
343654927
315561281
872619374
116388897
244897648
47482307
302142285
867497830
715790572
532661039
112964669
184674565
220548085
607360736
7993610
79565818
23182608
357019687
177627293
174684813
744031293
305414892
750294273
796965994
785981231
339771804
537474183
721186851
864375166
847440968
553302686
661369058
489168013
689926050
231552804
780865563
223248550
429210082
370236592
983738154
99720619
358556415
279632099
836970280
374787653
690631221
607723123
611013739
441245219
715922972
707405587
252503266
550142388
7915869
832249245
53123182
834334354
895006876
623274283
425663658
318276088
114332286
287679495
683329890
699662770
868226388
805912832
5211577
526476628
805541169
359607368
746844594
371276962
392465486
372416435
530745054
815133802
383546102
932105933
707800228
906553966
694002239
537160598
730916296
380573643
171370267
233392984
255873181
407676756
641839877
929941117
828210472
580297836
17620122
813592054
10121014
155053892
289972752
502505195
835057348
467150635
762350766
928485501
472333894
607713784
708041849
854187403
144178302
305874210
492553329
804209138
901044169
847442627
580584968
754407228
554633321
791218718
963032589
29057732
910342086
372887331
951428183
674681023
79668218
20667953
726436750
90536616
421525600
127315258
339825077
111008305
327552492
921089490
600996312
923458671
328443277
542393724
460676020
881097158
899966659
700369249
518699472
339696353
106498360
979537345
766331700
328339401
127701731
714108188
881051042
799582635
378886636
450591464
299946390
630013347
822393691
820577803
890580801
529609627
68504714
231366211
409943149
697686803
300124229
296304695
198284653
977971114
880059670
465414846
342990298
808745999
700281403
955351213
514097445
420737124
680695236
202572683
69156535
461435480
114268051
940667764
835149339
913744850
139980849
638446963
550159981
60509161
53559223
203245597
847418844
292209285
403053202
860475823
612859398
868796668
695123703
170291103
467022456
381107572
809269280
245505301
373003387
27280832
830756027
169613664
944990035
340643052
521675061
930075581
913184403
301130723
499545580
846980658
137993382
316291167
797217024
482222544
50070140
314504247
267438711
436456779
725613053
975569676
960977091
910882994
662982183
575614992
856440572
189621108
69096385
751452390
950029447
598997253
545569903
557224170
827960796
498293926
787716415
568936728
735351097
929976804
633046364
176331168
485310708
501432147
59935239
788849407
344577045
463095866
322662324
91582669
745676967
13854020
351547313
146851181
871459763
392546667
51192325
475927853
459794303
678056513
24929945
398477139
383135067
974467663
808544844
784826959
447957255
142850091
759599778
485136714
474097601
160362126
68540420
989102321
533050450
405671064
594032988
152483797
61450390
212941527
799107075
953496927
460975021
789929326
522245975
310881897
866184010
682330890
316753422
21704046
784142316
324225471
486917501
261355205
257436311
433370182
647337924
55548167
968481229
982095996
848158538
64175451
805996264
390323483
440082181
6050346
878904887
444389084
617865676
202165422
172587567
167656063
91463973
570327907
275287273
445138394
228568856
3328081
481773181
982421687
64739175
321265473
361285383
424703720
333517531
422440279
673352417
530337130
495954674
356510245
588544312
428071831
96009693
465522043
287232771
809209985
119773013
65898250
968250989
633592109
631013542
326520026
25246850
514522780
101048141
343364808
734269871
76012358
230907577
392711583
317442385
947342699
518436700
788979960
208650837
733167290
421928033
369396599
159885653
728998269
711210444
207103439
27680442
548133664
886438005
912412953
798431310
15101772
588164424
607792567
184415641
487524088
516191703
434802446
751324405
553154816
936242742
401633981
173215502
606906024
455029429
189138873
896826179
62873120
678246255
150614998
172863187
807541030
309789320
242229602
228952183
519552369
637737491
76201835
867937783
139581244
849434853
601955727
317066905
395912684
751300980
554005771
860545017
269116238
104635393
632247405
495273732
684653493
405001374
508095451
627986239
488580797
290477210
624215302
312177869
69561556
485262860
265935492
279297092
679169601
675962500
258892892
550312017
695164599
293011555
605134722
325071905
289482521
461951365
382760415
864819264
620234333
961091624
404374658
703359974
775899477
549378193
630769598
408161800
371277355
800688262
346495477
556034235
603155279
320860010
321119797
42929278
102759753
311156186
215411780
59565612
182729750
926533852
82260753
238025586
530814712
535848360
629049130
648699820
100605892
245528420
150775860
866511347
194920394
504757000
808214378
36729583
583746739
782958975
69145571
702772426
913081994
898558868
363418289
89905254
480052436
746079954
242187151
46939454
644979643
26200149
140986320
939285512
845861084
663252789
626607836
106535776
261102919
356317241
746292566
245197122
606398357
237898797
23504527
51996414
114732710
84968797
158467606
614076567
324077511
388481965
67189628
138449298
877699740
48045322
943637795
667221419
744239799
881847354
724478
115224320
247802459
365960316
97266807
864201210
613995900
663094351
9489781
918858832
14565663
812639221
275833300
586566434
816813639
724463593
133962596
273498590
759835238
339900217
677949850
321959697
262530432
671447186
706796028
327836612
720663124
498313604
287048568
202853112
627259626
144161766
626490330
331926060
938601418
125680431
225612028
70334015
466468539
53195794
241654839
783577175
300997454
753573586
928299679
670479363
460979048
506586940
815522084
245342285
608056072
77034235
800015117
500047498
96899131
985939430
76777752
271831537
786653069
690673324
283227836
975367082
361859319
488195984
555678549
258872599
241847600
241524768
826830324
757005991
139643330
347711020
942972210
681039813
831240110
238122995
6242116
187230035
297708089
867271875
245681669
520786689
180201747
575164655
175732286
771978758
256566354
894222099
976813031
97735286
314618209
396179748
714258651
112780912
190472225
710529497
437676613
381041088
777460053
904921265
788949481
933052324
515097173
44901611
751259126
837862615
202677639
860041492
356073980
963977986
45727080
729791492
771624424
971251702
198608004
982333947
538662665
441781901
814251125
641664788
163590803
716141770
923462922
322753897
97224628
802785576
390513404
705368154
920653203
358798918
649359827
728736191
278324819
386325318
835554357
639389910
59258075
758071202
864221905
10320427
485839766
412348154
274391994
545084833
688213675
169539128
595462964
645621534
605415701
893412119
111031868
207899877
163212664
202450400
577036283
870669845
499616403
220388595
331687333
278703923
775089040
267462899
806289585
283087039
779207330
457118264
478910212
94148729
68575068
24466104
844057408
813836572
719318430
794952666
847523378
736218164
287014445
360853396
206060055
695443895
345240736
303548496
892572919
446280502
587380084
867079334
831350542
583612015
518589871
40419209
459131526
621680938
937280217
985927938
602600338
635565623
18484789
31525228
473896343
978075194
176470507
956937081
701864496
612191835
708062736
530023602
697343008
209733467
882746109
804042203
116654804
224915911
901106279
182096514
195410663
469148117
140064260
311592607
111666538
582251698
627434987
677091295
804756761
851066918
138567856
799939351
530126127
319859928
336280553
843150339
751012840
935405898
787697879
86944471
891238509
519645172
380396993
928720024
45544170
534266976
664979772
675789625
776460853
816222664
541298112
476867842
815301003
290561477
480691018
708357174
545525516
12976803
445684848
969454539
989597640
438760559
633684695
970082761
972557005
90221441
25804300
37595565
415057256
398961130
456703413
944207311
831823398
319747796
20351175
265307495
29449865
658614079
964240896
994380131
768755593
461768279
535707903
279779707
386422041
230741649
244525069
594584103
742874038
53230391
224499616
645077389
488132716
138753255
487952113
444848347
262642134
558212375
758021889
760545486
427706728
922072410
234895410
299137880
603196602
290768831
501917939
600668677
518067466
741613719
4190172
919126700
96900749
188411880
2031539
812049906
514853618
69359868
743717563
108052702
542074218
339135325
796692362
434820619
576846644
563544123
954634131
139723230
662618810
210384101
366797957
718156865
178713501
396895862
365391884
335984450
512722572
703408464
851865010
717008719
887041239
502676868
944030194
740880102
173887046
583180925
860160242
779880257
203875053
532801422
378732293
428016757
762479353
168390834
618052231
853183248
410061108
439003648
661780448
597910603
203909087
798455197
946430789
617008035
569600502
896965914
522036335
949528863
56753671
601440474
288776945
275186426
421897926
533059686
247811710
442133513
916952923
837162045
2062252
542710998
129508056
976893212
740794131
311393519
218653333
552839820
136630208
936469381
934686689
545903204
201715382
57779978
233337278
45939165
201240653
585471750
31643797
430446309
216126824
113233695
692970697
109788484
423484534
440959372
497971894
264202081
513809606
514191732
76432947
943912369
367964349
507073989
87000253
303980168
17094548
107884568
967793141
413108185
84468124
102417737
279008582
36123719
642999462
864605912
262005351
736383736
799398025
810387984
125858422
760478921
329627290
56873855
693991497
530811094
851049282
214192346
402215769
117385415
51720869
918583339
858892090
294718178
894357342
777722749
347947803
125727031
961001736
201288485
964968723
99718840
809888332
452889777
642678455
913736014
755266936
844182510
907039475
476232273
940634026
71499695
446467969
795279358
397680908
864097717
42012201
495744414
550331868
687148592
340113651
550935576
969709308
577870314
966517407
491682580
334271315
439234188
160308852
257605049
828298263
252790857
361943439
462446305
9280007
38696735
819225612
503982548
563165411
355329221
377099404
135946771
818466566
609848764
974830302
900928842
458010064
141537007
328846601
187753879
960341814
386539603
62494913
200837368
211543278
162934878
966962831
611932375
504938344
3336145
565592007
108345325
126032048
492369336
294442282
799886802
242115760
971187151
496522605
949538582
583622216
508555001
617407874
155427933
745506193
364965409
865207808
124128145
828324171
451193572
723576885
937322044
128167552
832459454
511929969
721876840
582680100
684857401
781820525
429754216
116585147
861528159
634628530
536333540
877023263
581474708
113889974
669638610
817443817
815245871
521817613
494522677
151023926
528194900
827681147
778877766
498724065
880142231
674428968
881530257
762090233
681029401
778019962
871141591
790194234
895012296
625205250
755054367
703181787
801540361
33592663
775889351
878736537
965899913
396090380
300673864
583900640
139388166
979199202
501446477
166200012
284019889
43736908
115821344
152001575
92354814
303348801
679103316
63327547
535927384
626324387
823431497
374604126
200049600
805839052
210075230
25274276
178322747
284195706
846889981
58201876
79955218
78707001
34297879
514746048
217645573
670155071
492100839
692633170
422753604
148464471
369094256
221620946
524657216
264307042
720697249
597254059
231145526
539759353
394097337
982892416
832429432
249146856
263089014
564011507
109089568
802847318
649466385
668852666
106217548
24377621
535594095
581974031
426586045
70512774
486813423
647416027
471519093
374747218
79836907
108478219
358010818
988223181
823258087
100002988
719729429
974853914
830364974
408019465
342720145
125573239
34157201
474786321
349016966
304668725
848302408
971225914
271361354
236561825
967295302
881794311
282285681
146622665
12650060
11255404
333088074
843021326
810753064
570625461
68922576
48212049
576250263
817742080
691922772
600330097
802921718
852376508
479050607
288021406
775364699
312463432
778107883
29191928
581599901
926809066
604090856
556180030
292049060
497904884
722802031
598113953
898220231
87628351
906403682
919763147
416374939
639329848
56916374
568662370
159145961
229869804
235786845
120239128
31161453
687973215
970793083
947114146
839799882
393763511
327495222
360707481
42492002
52768904
131777152
283454942
702660277
335723357
402212427
519821552
40460065
72152034
197609411
859459977
361321859
495883098
325042285
28373686
186580888
350221106
715304695
379995190
882544723
994789152
304893589
309095246
471157900
213447713
454023659
15980153
604489306
744096985
798589763
429664559
48445153
295446332
684364128
813514719
579469832
415541324
621516044
388750964
702739521
494130962
988748390
267835579
873313285
628514304
397313470
600294480
669585168
951653114
156500291
132556922
933919880
512752662
812815602
154404292
781549942
25450213
19507507
582428727
241965587
722159505
705856561
210148141
594788719
881210980
147582512
540734190
224379368
659263516
398744342
851182626
504620487
281693835
502775127
634599092
377682185
757112179
389814694
536133518
616118501
241521106
551838587
240519834
976167959
243607968
294133554
676117698
32886749
845255957
577246843
671763031
909124855
860330555
342888024
915960660
156247575
330822263
878809035
634339866
324247990
821186728
180684307
538271518
528198581
518807500
192619882
299716746
606392642
416542182
266352045
980498775
736475914
599680266
914740316
57627729
605044896
776246162
584157689
917292654
775888350
748341262
125799469
966430939
686922648
414508331
858513763
906549555
145703050
299611580
802952322
371279846
124329114
982648875
168219035
992523107
641099142
670815522
392827136
142880344
744787602
989169716
654567437
822818690
516594906
823561344
919029474
366154030
87832657
572892188
67141619
33830862
700773899
343076789
693383728
31394032
778666288
60249061
327515008
695851188
929901537
137704026
634819135
174920749
158590359
894630737
796803583
842250872
425074242
569036673
272976105
686183882
992571287
512382943
189993223
709436460
830553437
206988511
852293361
412288599
693781272
49408155
150932921
862427638
69552648
438622952
265212245
603335373
195871899
940428980
647673570
434740437
966925420
629738770
273026277
772358867
157731095
540669311
440975862
408738730
827788759
520785337
785664291
770759867
642151449
322466303
892312949
183434020
558757784
833676314
987027813
128933760
454221714
287670105
301748354
55275730
189399793
748238183
153576224
699557709
325069559
512775986
792879085
197853777
597509024
257096130
763229299
458615584
72762051
340547127
465705941
31943671
465973948
446396217
519997660
613747219
656006541
159969914
30706878
447904754
882373107
355059726
539085052
770353185
536800004
296666080
181100734
775540752
611405496
425881265
782358589
225925681
483795257
644486184
346672138
563429575
334192823
389421776
341547779
411925901
637743095
334886404
461037997
633423876
894222777
953270027
85673287
874648299
713336788
573956834
159653499
642642830
745157746
325592468
932456197
555761573
367814089
127525435
422651228
875388215
276816555
435607678
823017836
960372281
348267615
704073993
534647857
793194992
299009532
480078063
873072855
803274291
707949096
396798532
122618979
706852443
263221354
665416996
148601735
150210522
419293300
598044666
642827824
611130868
707095311
79761486
14021566
284957547
213453732
258620211
538209464
722261411
908236449
595167594
299637088
437421559
14861593
80837704
894811755
402684976
520683647
20810348
167053389
402143956
11402328
395331870
176392818
370963401
436989628
780033996
288285878
504745585
545421591
700170144
883362973
446444047
516794491
652142033
345979631
568636932
742695131
211567377
447985892
503438030
673491499
458052084
451651324
609714116
914281088
832103467
376833
950830479
555040649
469839942
414411133
646582719
407351722
177064107
869127135
290772638
765268327
324457208
823418409
498180244
757519998
585777518
921943784
645488886
245177984
676799092
37383889
940406249
642037833
86028423
268135859
617968582
576658385
542427795
41538331
622314962
878280186
774251956
194573609
126839224
112810061
949771132
816565655
705800830
709301384
297404695
965054186
759288248
653823665
83739605
622530266
692601308
852405111
887508675
767886037
4379893
652355087
775515069
993662468
214100809
203342186
453842230
201482787
312635746
675153445
63023040
970974842
199871065
134243285
723732939
255616470
631609750
779828896
788297157
592082027
870384179
679209032
265595304
328985896
898610869
578001681
693112430
884522343
469507964
809074383
341229583
874146139
910236321
931525328
700595908
424684273
986216960
534129204
187547601
261097211
16770517
892841636
653649005
61105739
239592342
968606246
180824339
278655409
215633338
708980103
422802949
610215662
912652811
759206198
167171519
26351126
435569091
526868743
16726371
632603362
514135195
806188419
409107522
955435577
298743748
908522263
807695896
779950432
638352812
389092683
980530895
355258076
683406218
374855657
850904792
396204152
951182384
509265155
32897078
732185508
942696786
784584272
517312515
653079882
901105296
134693160
610095472
772320113
998396939
157677300
934248685
549745188
199476790
11158025
349189678
388948537
159230060
278163008
189294902
17925433
178081305
113250461
458597477
308209035
324664107
647921389
998617070
193666162
404396335
717087917
358942410
654444332
835951318
817431168
793026164
197597388
358070392
826804197
583918236
153722803
361597368
734816226
877791571
617897880
153041422
269816878
957583793
529141142
282559040
276384197
957816854
483474315
441918904
447303161
389317502
589505218
491134542
89251435
923357332
942118961
629941062
443452061
830934904
467769964
134127802
805948521
100928999
684249963
973860072
471238181
235438525
522650349
777961870
644645145
446727853
170485203
621730646
126865327
291798424
820511695
649235747
97048471
620759043
383786545
465060995
399616357
937299532
758413241
892853292
830536527
914442266
766949099
879673185
591817651
226726063
707535223
842815747
146746184
334738416
315918716
321405446
739909685
168981020
553972597
347410381
298722972
152427570
223290254
587646563
538132251
226463743
239630955
566486066
437025036
580266892
883311496
496051830
336101991
599954412
306430081
157224823
576365438
43062574
672581292
651143250
98560683
832899340
646511645
155302169
728706301
281207008
232394530
53747589
176011262
512374376
574055041
927895938
858536316
48675350
799281915
365409340
57356593
780377900
323790829
698392916
930975501
908815158
132073160
260682510
635313639
727293332
590155979
424448555
702187107
332252320
852364290
376566793
778504813
155321129
827621371
800606940
129094833
57702504
530949987
929583971
623515707
781310385
272056795
279392232
962904597
323202664
311982723
918026723
666640221
658187065
799077920
966438066
682443354
410802014
731392899
877739662
875080888
847184505
228712982
855646150
491793211
222203533
18341583
553593433
240078510
716226117
632843853
179822896
880160907
929009157
256673011
422327468
785950100
353836608
936902469
904802480
446376127
377793164
459595803
134832036
139047449
177713236
120698738
729699952
169017064
15831830
176185576
130384744
493248947
215890413
877770245
432922098
479288835
171165194
911021486
27343530
641269238
205580700
255502282
176498323
29704637
864452975
488914720
190169006
32643703
228309607
490397857
56215153
165356081
448892482
507654801
171882996
83114247
781922720
85656849
377774093
410285331
853341780
695096214
710570419
291445359
153462955
985888491
870638278
426661062
433588786
985146320
867194577
302492417
375423489
202239713
280225350
583635774
239799674
341066984
76935985
762456026
625658649
944565906
1934143
88276586
37667614
797729098
724049520
863286697
862950909
388205497
857391744
533602109
254036193
297534960
460721008
764505799
23852435
527373411
793155175
452751364
106479599
894628929
140507854
775872766
701798993
765766626
359131660
421583153
778442742
229921467
939372154
241490878
63780384
556375730
729651571
96672834
60348071
742788057
315687796
539556461
176160292
893982051
10197559
458823617
559079154
163247027
781642050
318367856
723423218
10321370
309114355
276897455
903026676
961283171
941876933
408797772
204144362
214803763
888189383
361888038
206234637
244835302
347203415
766614347
777909497
644742855
141731635
235235117
546423413
215086289
540931639
940071436
14598272
77801475
369289550
565906633
303451921
448449156
171889336
625616941
982643164
970557128
569995573
656351573
133084656
446877948
536914336
870057020
142697508
187855034
237104330
57671348
871362999
41761846
650918055
892925585
180756560
641392707
188211108
83217808
658859769
446955699
497914683
797958772
293281419
482285852
515876191
5003631
305926522
667273992
152640743
685870027
694992372
758986531
378558112
567995720
283846275
765323229
462551626
63409254
34042826
438792510
349982536
779155020
484872804
184108386
726109104
321234351
769098481
49418511
955596693
797860422
440425621
470219527
984564668
870742369
600142674
636840204
827842819
795475883
180033477
928017159
468263734
405742128
645912223
32573907
994652847
353318596
528942738
884703757
951734898
955091169
95282095
212231512
177168537
29420935
243577687
868339691
858060225
548858643
584451861
167428629
471034946
652002628
450365842
1273217
895456385
966187006
34716207
302012621
689230807
808455399
219390679
750144850
28044877
169312342
317044580
428603843
92252869
892767336
293102479
273290488
253788079
800214139
865907619
465194363
129153020
761792117
335103692
65804322
30706374
591068320
459059370
369212308
42615253
665745534
161559814
533953898
209378140
401834781
723995195
921529300
377152676
810113086
98131767
617999912
684958995
77629766
717359966
352493561
928998056
187092373
641545324
372256819
568063804
110500073
694296640
332200942
925764590
554874563
530742814
599968871
768141902
751863804
871816012
831988055
620465243
118510870
462383475
750008136
972045467
927907
505120937
444535257
634647487
478110865
893931427
438432501
449383712
625525264
602499978
316619343
343853362
311443964
106911668
307334057
793456600
463599857
174748485
877642750
523451789
724881557
151906552
343286248
538748802
680225734
972835712
900365830
317775289
84494954
350841615
975574775
860540280
959778532
533655080
623947475
893954856
825584454
311826750
226673048
258664003
665311444
239545184
783646889
350529308
631271098
907070408
887760660
101762210
18381655
639371005
254696153
516231768
176943848
418882375
831093001
165375526
632313455
652891567
203032075
150360554
356119409
607955593
265322105
845143061
699252576
885912788
847264625
703398197
657905376
817811352
672064970
240389440
607530142
715867002
273016279
547821290
903886577
974881517
48940243
649798405
860447782
548646705
34012652
137701953
620626753
543906746
298747906
309036653
33047508
384256518
305780862
948049595
278480435
287851978
150248651
262125222
745916495
571252202
391653316
709559631
997473830
759724288
369487099
928554108
703781036
812286154
419801407
51007760
510746757
628339015
798621362
481371738
631510072
599476443
702555822
660302768
247123
379061173
858648922
17674283
710851904
638901434
439253911
299840809
64833389
804891738
907599256
940054586
405280094
541860692
397195141
122616707
459540477
883814822
94507072
22515229
936593183
824812436
245928556
479830524
697195677
222334125
759304714
487226399
634871438
869851175
793436396
41617605
525406611
684330021
570293626
418914397
727570438
970761411
885881006
958076235
710357530
137003067
287092932
487661588
456946311
674304411
167534758
221023126
326005908
230963492
663962799
58806861
394036622
167566903
133317911
481749475
672896354
504840112
193641933
168204102
353621103
992840097
796258219
807978754
120038526
940244410
719983682
45357396
550343753
572179404
925330910
363344703
928578484
584474164
977234771
166222437
754174737
853405044
2358
693201684
452710731
670801128
429942074
794325944
385186165
556571090
714112003
334463946
346810535
328556298
851667895
721185800
956832555
147322963
668686019
791606255
772832218
174026039
56299288
621711052
795377565
624114653
547045139
43816841
343261239
655651342
946739207
236482867
596539645
923293100
330161849
614685168
946474888
116057262
6802908
865272138
364256682
687946429
641458552
906698304
171914200
401353105
77569389
858979539
198141546
728963110
764285809
783425453
959954990
743512176
52087373
664546142
89818636
166593483
908645577
361112309
958112537
129659322
294071452
779475582
592609834
262564896
459422580
76213588
906866015
620285032
61642419
671446213
956803652
500652114
801509741
350211214
746520934
143938969
445974339
739373422
389409447
872668572
613717574
342190383
297072197
906108888
417072113
789343195
92560088
834587473
505997424
688790332
357774147
89393075
349653473
225168472
566701232
303787043
747666902
472234927
984995543
674857459
941484651
39076521
706238572
272969216
589265090
39247894
52917643
176376778
30792200
289689966
97957721
767099483
179702956
792707451
276183775
580796256
214489771
816276242
21665649
632923405
75788638
420181565
41707214
409594783
237358935
837804708
763464501
812317244
312990783
561506494
641450668
867348804
76713221
320535114
747063674
546206408
161517888
836988564
398105897
377771297
767225055
418182784
855651900
554942021
346516905
90376848
100694619
403243999
690317673
542019690
381206307
59536401
126350614
381890938
221059114
229613908
747536484
827783772
322960169
18875371
910131903
896892933
819967208
114019303
143838032
964676365
744025340
720116330
510429429
578821386
841191937
374550095
927325799
551863645
79582627
372407271
428976203
282975854
858783253
741660866
508652926
27092840
352980981
355375567
512148889
890611338
721976369
662436193
46775434
613668549
129864831
895359263
64857258
163908503
496229560
422075258
467467336
824605280
750322613
11202428
442820591
370243684
944079066
421782959
21921324
8470616
660888189
884798555
823668054
108783900
971071341
360167622
494131931
557201885
308039489
192584180
469775344
559390242
416747277
388561995
184592534
788943307
260872659
258196811
748479123
127638023
329620951
120558095
795358030
499338650
556951557
305681139
800481837
345830525
765714563
449453411
413282718
950306542
314257087
357109544
990376035
338469571
973682020
456225469
491089687
959307477
688935621
657027674
396645871
775030329
745619127
964666925
589173553
942696908
277787495
393731105
737471288
412670336
936179014
779958897
707528012
321360227
945564597
539103583
23261308
121894749
751975965
206822896
777743092
235963352
503973891
524659240
724838785
178100730
665619418
27384941
603013193
993496821
99471209
888690818
108464347
207345963
329119032
430580777
727463400
630493346
519545679
134478541
996110408
395023298
647925958
979617117
832425798
181321855
693340323
751223080
106878111
662276551
312454576
39557730
248600063
790761837
402101200
311193421
331023683
90650245
727298064
725308649
56378822
781364713
862442401
808146281
609493506
985198757
414726472
706670349
677496969
927652454
47998695
965666928
657901999
77530021
679716537
96172443
959281215
827755266
492633810
121777134
206319069
263489831
178933171
674933934
283879824
838342245
897760883
628193471
791386043
209149964
76479649
68682976
220667647
767942238
846235975
883260132
630921776
658987491
801384036
736505337
675263726
854751542
607962419
583722043
297205096
871066720
188756927
552349628
81806546
292940592
619613704
304180392
105726627
565065925
671803243
677017436
268805001
515381380
781659430
919608683
910289986
79182742
509860258
788798626
797918654
494623150
953547890
752859313
772641502
74504962
121807922
380802248
510990246
746364120
726253750
735033228
202937505
658564932
304187835
957872190
612920969
996490789
395316144
589456320
511390505
67339198
942543540
552671096
516363328
308940393
560700287
223853267
111085603
321068621
729799999
12246326
184727573
541106270
195187942
543777777
814815702
689739191
230660451
132548846
615793099
593717783
917519630
436159317
758396962
685447091
937427082
672099402
620809591
926011819
795863827
996754622
124198055
696573447
877000652
484644865
431710855
960353253
159051304
457355796
614189679
543597260
619743167
287122281
991375142
989563297
367615213
160998366
16129602
806268857
132968081
116823789
746154476
783347653
294680174
387688014
999185785
912912959
625794460
348906124
934635286
69433130
460205485
796153568
939449405
176918021
541864054
890689575
797140957
292629524
720377630
794226562
313323220
84913402
618451325
863410408
666367088
289605516
463576491
574211598
925183593
627325168
682330937
775811061
720705480
331399922
489382438
430452532
769252399
926284208
134174411
963060411
238637127
48656712
335877948
454881918
388509395
415706137
820212262
699048025
200446763
508595706
169046923
884206392
453613109
959235082
989646757
595259626
355157647
949939832
407843525
167259895
220966384
223523575
118583829
74180286
213774048
764244771
659925888
238520758
621760661
175601235
54428096
496253845
148203620
544964541
414683057
142670855
411054070
872679869
597339406
298258704
164413169
842376868
379601964
132689530
723509307
851201563
646154602
766283932
598606565
179721453
12710038
322034124
108702047
101029196
816100838
271853384
748322189
990898246
710633171
314861368
288980863
859839082
674768976
458465460
259100713
394270381
590362539
154005821
417361237
393122261
748622297
670230695
992104510
166661083
859133148
79057083
858548617
739927000
174755818
125777171
698379454
749595345
764675267
308577213
424807505
268742741
653743052
891367220
972920410
586044036
672352166
256143595
869832274
594677578
764913023
370157045
908628237
218558949
191978873
72234707
468732908
993795937
20589382
131590321
660085805
292836058
295379137
472226839
993569577
695237805
299528122
944208173
135163351
246331854
17247729
29499746
140799984
380291209
650918908
583491314
826780039
842855025
948122887
263239705
631422800
171613525
748567048
317422319
886715822
317967105
164440692
298675158
593652367
990739168
52618599
595069486
355697568
985792320
672177077
521166217
604266979
350667343
359354915
262561197
454653431
169720101
411779923
877300526
677421155
203818383
145577581
96510147
683566957
178551251
912839040
624000666
968210047
837030410
104477224
247860278
484833822
490753896
994388095
850550956
356496977
895558306
253141182
995040296
145619009
335910198
8696524
755801002
332783156
578439508
113667564
175063735
403048300
549982267
848268633
234261988
429351205
928076398
987423401
446764087
334305943
568016056
619060383
503501052
239350569
915662654
729980921
960982284
879089346
722986669
958574163
34024412
521851045
905425553
820587933
968374642
364337666
680613420
725815060
442219179
386569263
594102439
202205327
20037661
303692149
501126743
916741849
890943519
839809754
334384622
737197757
223147824
858560884
116198979
684905373
202710200
889473448
386745014
51091105
833209773
732235775
337193160
596577359
904788021
885147469
918849431
906034339
121900813
523069292
592365228
701406415
385255126
985708793
244988737
619149653
423409574
782679029
560209184
812910631
425482705
132660106
20829506
660427801
830955752
512901487
224067516
916141187
158303127
944813072
782944466
834533668
279020679
772465956
733126080
331646189
982127068
719364640
293623801
598477724
781685436
644069889
167511174
25764890
210249253
410231931
376180673
692000707
991375343
629873595
76598336
358384678
28041284
348652717
476704690
113348479
686554866
153706837
107705555
233046481
611157719
242316756
771251086
312195994
163814934
678131893
165887478
312081542
642054613
627052219
338532246
141467655
398756161
537672641
116167964
409790349
165022888
753036836
717476155
717517231
47091463
685248361
258663512
759802501
260043658
928506466
396006839
721845377
290876221
584157003
207958536
340745347
329712429
779744394
825103797
309905183
435413751
171917579
90287036
6257113
66007333
970613439
789568480
730720121
345877718
611206052
285336212
894737904
386316129
10507300
100843070
606828811
555236979
347458345
211380059
990498297
667904206
977942907
857266648
772771437
141410857
224676609
720931425
507371535
220361732
104952799
196958490
849314299
234369438
765913402
252928987
384974363
942485032
267069164
587560482
177125574
888214792
665295429
717122832
526051577
988361781
659633889
995775775
401609680
759619363
772254647
532222823
524465896
90017297
360412592
764585442
521915929
969873885
610947717
906608551
594947176
499661659
674070538
598675471
249468679
244958316
55126148
184241506
37163538
949012554
608229252
38301711
843945749
937352741
127266607
871677130
690036534
656107140
458882707
191699779
598092093
52392302
890024575
673721317
856571219
944280159
213807644
633465815
807417289
411468738
288718769
3666235
596541684
3314291
663587480
561808365
528527734
364170061
454349750
396761736
624774786
795042009
557529973
37119406
574354963
913630386
555051958
624636171
887323354
964448633
57578451
327982028
26945344
689556594
227951643
893038697
517906039
261129891
60296640
603142302
291095607
10783592
610896537
796632018
519113837
638018337
413741235
385205923
53642180
753688050
293926085
571809619
693043033
918590608
480248138
531220403
463381438
618231266
90371273
559551955
379371964
473542737
8038938
573218304
229474110
85713663
207645115
604867932
302645058
814230439
877149501
103116101
433143183
953765875
208880140
922381311
747985740
779090902
439241604
3267287
30249113
110362047
523032955
499577531
990875923
532224893
662703040
231537527
85960305
651581972
770037577
726203772
271352184
394149308
131889147
195773470
47403236
452707349
35584006
2305598
215644
913683725
255213756
936363713
867744758
394409817
18433077
985829920
662257052
112291790
918946818
523064852
179833248
150073737
75869004
943188724
833439272
801530807
521208460
546972669
996607386
651749385
292911026
907964219
289004528
425014577
956544446
579885942
444608398
45119077
692788784
180341890
714498004
553272017
345583780
203234998
275131169
58745606
317114860
328643845
946406370
37700539
915019167
685970543
424110281
818335964
451161246
478479395
930431475
33548704
136236199
897820566
484681129
262249653
510115984
445478638
166789284
917775556
339140087
696320746
410367924
589819708
944569062
912970136
243067588
714726698
563684816
778554118
485792408
362773305
322066177
289415598
838145522
944435281
937796749
390795785
834483712
438982789
228770129
512930762
947406871
619305778
313699521
398986842
789811029
543721692
218768412
978124048
889803961
853414251
600410581
505732785
83367063
933011861
246666124
239439308
57510086
879968015
989199535
215991071
687260401
35690826
860221592
644358318
153983006
908029882
470885495
769309496
130735079
208050283
82176050
527448908
509194989
305178331
976095010
311804890
664936760
779968411
972388195
616541608
660943411
690398764
719296357
234122091
71163386
664125309
759115
437749922
508211832
960998217
970850814
303669171
885565421
230323750
437728612
160299168
921686301
158387529
552745049
203690699
513674111
261818507
663313040
1228709
760224662
467825372
928642634
560474539
399906538
860294840
37671595
769257586
635708481
217600290
271857168
611338244
686244727
445759781
396377473
607405795
737894269
233323006
319763831
806968592
618569111
312871978
204259849
391521015
474615407
971454630
147584069
410059331
532056895
799835769
363139371
40112654
745021353
586402230
988612860
821881418
575652938
43851698
54821368
11117615
562398260
278953833
399244766
157495551
558886800
744743839
904124729
586234708
423053246
118770795
218805687
285892140
112175526
990922500
970255515
10986049
914313186
560717425
328735097
668804037
874027873
100697273
202914145
220460291
772038487
487635441
875913228
461204338
128492487
762805733
910069321
975091798
753912289
628445595
613218383
327242489
561177556
360472876
128122163
575822463
819741605
658947306
872805539
825249105
635340949
254015412
597406827
80185570
265465009
487319667
198769310
966142417
504726791
638306031
529905792
418581105
68443624
828817237
785117536
242043559
793720870
950646085
51467316
411848858
789041980
997151300
886964646
199853779
921641999
973041470
258577542
393709189
100349180
138871217
362664565
461785183
138568136
226460646
805355256
133006830
632166616
496135992
224338537
244409249
660282347
455830620
285242925
583973404
674558383
685008371
559410919
778080686
83449950
947239607
865343414
362013260
448366335
955043142
759871525
130275315
928495905
772044163
442373232
949050796
882120382
987133514
4534940
153897516
215619218
703354586
375600817
835264109
950745012
630136594
60611183
976843132
289812332
829911833
524680860
582538673
72207305
302121682
14575714
364970586
182445924
746086351
324238554
171499236
609685006
902500366
593895854
968090513
762030025
949290696
605664248
673846221
464477133
329874542
751640335
797007754
231232300
209706117
276717661
438589048
254631282
814895930
377182923
381080879
7166441
319845764
125338429
650094441
591547107
246831401
525188953
436458118
390629946
992979231
175767983
198230352
210549147
622819250
664480213
701253990
780427694
60365684
90255959
758320456
663106369
464367317
911643685
672303848
218355043
729842553
987032834
182524690
155736187
255426930
775481213
726417795
602590964
289084170
318497344
136464944
24746433
8773484
990974576
832545957
268904104
927983398
714668531
533193603
438914482
44016887
615872026
228276182
244952740
944406312
637328558
330024302
182197899
226123475
448137631
569494071
696561786
352345722
409249366
589163967
249087458
407457486
924071220
542820787
36321596
431546948
925436804
29441170
779951758
17894056
747849655
398688469
157283966
863467200
822913285
448762917
276964732
72204143
911756137
675875259
291537973
851225756
700179004
861259645
741818679
659930249
661557626
710881530
929510555
193915887
662243660
228764840
77051687
902411089
5110980
402990655
965586347
729348075
941541848
354615999
306105655
485866001
497458426
200692641
781001930
363771857
230770862
652688902
364381303
441276517
172897225
796410327
373266824
205743130
475218551
145799471
386610774
455857779
467032005
582292628
8082893
455799697
910137360
286093995
205014478
317555068
571474133
279761002
953160289
971165724
337700571
110148339
110253908
167812038
70520234
625341838
426058033
122083155
581048934
100487407
563024069
37550336
835265765
210740104
977814726
113277558
536667938
35446253
72367195
74523181
123801342
249945525
597398082
500169872
134311456
312376653
600376195
71482488
679016737
552481552
769377022
876481009
514953442
212457218
176157776
11649937
687979192
753183485
868950998
470729505
885544050
559197974
720815241
872011978
82695291
429055888
253004411
745489202
432007844
553562178
327155862
89264266
526358477
894217314
164880792
449327168
8131826
854875872
356822411
824677089
953176401
767618656
861457304
808378987
511440280
823214589
54867930
554322374
600539436
821432327
94996247
591758384
654953895
218526530
947180113
222919211
440579879
283092111
965503646
93429286
109438100
971052810
558532472
988444783
26854817
773745098
185455095
974698485
591704223
812888700
676597885
677301252
71459289
95168576
558798221
735069727
902727327
967466403
960735373
340260552
290008446
921338146
767647396
528775013
908656111
583937515
240676097
13326431
807214001
734148638
962197896
309808805
758815879
164218352
625515483
782066232
964054345
444498147
384640974
779619219
97610655
20861659
536229702
122514588
339467062
289434540
672106044
566804555
467187864
290650733
437162521
836633062
444809939
69204526
417579096
496597875
302378090
201105565
33299316
400522002
628573119
189523380
683432705
684095330
526754779
485461481
226393806
911395232
146339697
645353375
161592807
654220637
995629924
845437767
387495922
704857011
41038171
781259683
167861704
316683309
722491455
90099309
171546123
610958578
54750572
229161173
75734479
120394986
421231067
231508795
722063996
843389166
480925575
796362897
341540939
981391863
706182028
27218079
33375388
370316607
921245965
532497281
453601999
163045927
174018721
499527800
647693424
446242674
206747920
804320913
997084258
530168454
172681857
643478727
88526780
331367392
790313003
116604160
998515309
40283731
900255852
247109757
646502231
872405116
956116902
224994325
238851327
995556627
403624575
184982657
570784363
162954103
340572978
280938175
739787949
833654018
23805662
615694076
74769159
68444542
276617759
621328414
472267304
4697455
251914746
172198646
410463012
670924119
179035881
22723745
851336754
334144419
420801154
693948143
990588487
901282149
769649612
416811390
714417963
299985707
676642672
485876212
716231215
559603593
942396603
543414370
237024006
926871071
647478765
335138268
805815041
999198783
121534522
403367369
491005255
676350480
475143905
748250346
993424803
555616992
868959342
291942653
127222256
127930177
989478331
248585951
676495598
724071983
422115548
857459747
464432264
230654296
986299019
775151098
697740456
423931616
413479357
534253293
511910868
90867946
368171998
254214083
42433724
257912019
145440108
610265685
118127187
78116357
585130510
263947270
27872252
9112585
478252831
545698087
967615469
497887033
80738567
137519286
955985986
232823103
107075506
209564684
344232327
928778412
162806549
480081914
746697503
112058530
697443680
825283336
325103757
611027096
663317257
631507909
426409380
841627183
321427194
174254262
603104556
338758960
814003283
224368493
455919823
777110982
414165646
799140719
161629679
534876284
820195245
739939015
914792921
815104493
134445529
47641219
120772174
832860939
127473272
980914838
58525265
620057732
49309302
332023101
730193598
430556953
448256903
852314559
952195684
212550534
508668843
10615274
287143564
859676475
744691584
34090038
792217673
165221869
355485023
617065029
199248394
675591045
799305589
136495804
453662720
401006237
944835974
862283157
770034269
182389801
895855614
775421638
295677568
807651186
526894221
702081720
606225980
965632773
978706356
655229060
63497323
100418427
535274859
778395384
59276083
453587902
162517186
126375439
983440634
244897397
361255841
365135432
674686660
62370466
887061706
807616364
278030376
229827900
389590601
429650899
220874265
999346062
943067227
881147975
206105470
153469299
731990200
550444233
460961743
928331346
154341845
223110766
733368470
740047575
926681102
861708334
77912102
527713039
854374163
815183445
182373293
204921389
235863925
836553630
842672675
783903
494124623
247996313
964802186
726375007
266690322
134803740
313996202
30078199
337410944
451475002
398444303
792200055
102276695
868504964
852165173
873359105
623144964
636671894
397150109
49236058
386799677
91370724
534158406
6621324
34361380
539238864
270240417
602196982
761021142
88579842
249425192
642024190
296451034
526697867
420899031
689475105
14230638
205433252
510706630
110944824
549368024
392475471
797610748
999591750
211782891
723390091
693584908
235284270
249870712
628881487
770903588
426453080
538804459
843888164
447681579
137998280
722788725
503965217
240279831
186412438
78254927
959830737
96186071
795688391
425207700
416856436
21405845
377964682
287327235
55518748
756161336
225919744
47692430
666221834
313324059
955732588
706340270
390829319
881629307
930596426
670968716
409302309
72330948
218733600
72777638
892098136
851341330
341893822
560167784
863560825
15132939
672863608
497926850
96748201
67948516
982133407
883649406
500132214
525139937
21074762
332674283
212503856
457372102
607428390
983247696
740732462
738518547
544117264
668853151
193523925
177899339
125111335
72901932
777593319
646010911
552403469
879443383
936242065
827611322
719183273
246954968
554595468
456297097
409862046
913870238
589700074
326064968
294739397
512290686
687982148
425163407
158672581
44650647
462250418
274057218
47783107
509198609
350224714
604964760
764730225
451946317
755809684
222807979
302184234
334361255
674771497
335825213
814942002
287889395
290862591
222651497
24807602
839540000
325959782
526835937
834453211
308496404
70774321
278215265
232026112
667515593
791844154
200533057
565146858
883563551
885514385
893791770
232657276
128405226
423372960
626370754
162587668
742315054
282337900
932880434
637488031
647102141
509423416
927761828
471051117
146200999
189857791
416565508
169348776
290616254
453236895
963008797
93893870
924527696
398685200
486548838
906073617
405981028
471593684
574678247
941718215
157836604
141429832
578952576
387654994
955522445
85957258
218141309
930153919
639764979
596491614
636601124
750632143
373330015
904512342
176996563
116528839
812744360
911100033
277631068
511246220
892017287
727162669
175258784
541446465
122332725
778244916
326911097
22762361
41222874
147672845
924937874
17679792
78077447
287345672
877808871
986652079
330548930
489692326
973420044
98448845
788892565
710100732
527459157
926528048
455399924
607830200
171693773
299420471
103295478
738954674
597917765
518106553
681203271
37125303
549108087
202858513
36517706
64411872
660511003
221784807
124026401
265615422
204994597
646764994
919133020
697161042
950582159
508632444
295049514
427950669
257784717
424443084
326302317
169435136
13290381
266110468
97217843
236428084
260851191
392750084
943265098
899958588
261687844
453427812
255819629
78650848
262639293
950032337
892019874
258494387
319757548
340617861
987217443
67788803
552093433
914464669
939164036
66050658
27908184
349007212
314425447
376017662
462356074
480530965
638341303
804966738
469497734
869332135
214513268
322422915
880526482
336073909
388914473
537904640
823595324
143981170
786443526
570487285
792395760
174184959
665430932
320657157
882998956
204559182
232229593
357291964
63803567
318482992
965150603
961012435
481319217
217703767
899073572
414933470
433489439
861983420
448859045
666382693
664088304
795053210
465559105
945107768
347845970
666698079
103802064
426148776
281908338
603321990
547564185
997413168
364634395
944448031
688370317
590372646
234957169
735827656
206596707
72486024
331067322
527308440
300331698
716432584
954844545
499970631
811965261
326910618
773337139
129976777
544488107
426826309
326265709
920202751
411019783
809049279
189887784
168514378
367365915
938946497
775266193
539819261
386518999
317235337
907296435
434240817
509836098
579886453
534769155
841576262
757623473
134590228
145762405
668106304
370148418
143317410
545491688
696421126
424590621
499187962
567645904
686298442
465508884
388368958
237118898
331781069
395042112
104579965
801040862
630500767
193097828
332553454
690458148
122516869
480358116
266293492
848418385
395387161
655210927
716082585
273118549
331545717
290814230
45058264
433370409
100102921
877511015
547127127
570029127
568772584
480929511
46731082
897469156
732249266
512059988
135007863
576311596
157928176
799445957
908146547
843185449
908537761
356265422
724069209
78394220
743915012
718758282
687749807
998185310
583763758
278898606
387104764
884364739
737524807
851619153
47066698
825713518
189590011
29124343
89262680
105739763
685305598
509695206
461512794
266607808
170200051
921587141
936506180
177782210
370143336
667696468
363126905
932164548
232241174
367751749
68101239
163225600
369666425
910768822
385926295
941260229
139780975
940214519
385069826
263698034
589295922
210469236
953844656
430858208
96667507
39728211
143671655
509915340
636243194
936580648
997079119
694550622
307055021
750838167
48499894
498685609
374785786
637929408
449778369
482642788
751020264
322804319
370415183
906136538
25579776
6893199
171696397
399487941
872207503
831397926
906739822
644949918
291046420
99084343
188824317
60597142
506933451
328518327
745743132
525227830
423547866
152538305
595479144
364443086
517440428
316225964
175669771
455684306
813201807
851181350
408975877
326828615
775068887
613265091
773097200
352167262
137458423
501194749
291700776
380955129
937673767
831304057
407100797
64275561
740771198
315074345
904375310
801562129
549626954
995949141
219024913
115335462
501978429
148632597
837625582
237867969
917164936
816561340
602483399
740111711
36622248
811742881
913160700
381147535
946638336
763073407
730188139
366017001
643334989
988217802
954315789
613855217
898834812
109429357
737155749
212928511
448522535
540744162
923005709
42084489
685269410
325420805
491552484
437419350
935509207
633365821
219403265
952145656
642530740
559993970
774449868
469698962
987760327
73876588
752119051
114538482
510045724
905010845
954692743
441012392
404356526
308157858
526738112
942374229
311046089
307508860
312644792
362026523
280531989
758887552
198931221
247841432
473035903
906843506
623937785
144377703
74508502
703419602
380199989
237422042
8419247
809234022
508480950
413720801
8305299
116975987
435558310
666238687
422875519
341686215
470217368
571642834
701023352
753702257
20799715
547513294
965062316
781666955
119011972
887608434
416921847
276540261
229114832
907576646
438716345
331013970
840753212
285452366
501057209
764292470
44432835
25118314
752662915
62757088
823834118
78483730
182740687
84009100
228356701
244324784
379228199
831136978
574128980
190942253
673395561
900445453
659342210
950023607
851701530
382051608
928427961
394111544
85945012
736541224
458490324
831152955
63849398
717320111
274340381
410654019
107651178
279319550
584973746
561458637
42508292
223946183
574814409
11536169
556088129
708597524
315161824
694561451
343589622
979640207
378564560
78117241
813507879
347647747
268827451
911254287
664373189
298055603
262019464
820115156
407744372
8673370
400524777
599422190
427418296
419005838
962497436
830824984
206998585
108582932
64237828
362266110
539466499
699932173
874952886
78363116
361978205
601492259
480200417
475719830
567659255
72010453
592072797
314714448
327902031
218438706
358679028
774595281
803308310
295934042
203237904
166340662
421657811
295100461
864029815
123031733
549010932
898107930
730390576
245136026
39773692
159577603
309099499
926990395
679254635
267261834
437013407
855531138
63299306
410984029
984158343
841545116
762860543
115505971
701659123
890084830
897061719
135279205
720943144
700229009
866454708
411694907
485573559
952682674
865378971
891841904
771300545
422022348
450737826
103268034
763344121
103599946
460878345
444053196
450562102
863332073
667574505
588793358
510386384
669841124
423898581
497656910
652235499
192318967
24535121
923491397
945215569
503508398
968237736
929574243
188671944
570320260
613376271
176546202
189709078
860790536
507725067
641440460
375687168
210126368
470434168
104574042
551768100
753156993
734785287
989670828
722952460
753885954
482995341
291804007
844377729
428955659
65798425
22351185
866103735
729055909
223940437
369155678
235518547
554579943
841254278
196643371
845745407
233180706
651270844
570271883
278326867
241891764
910838061
646815498
672069409
575335740
807341805
960040568
728291082
170663977
846264105
368248946
85916510
819089707
77172057
36307483
90082624
55107872
916753774
763468181
61326004
974776212
353222708
338125443
805698718
388714313
357574984
370617364
19444788
491655718
680861310
164676097
670210329
705925927
83059257
669437498
336952219
731824047
169316694
195061321
91078599
92036855
594700050
501726539
156986585
295183894
616806223
263870270
897217337
338167584
232094431
974067351
89823413
650751704
393740789
573991021
758122768
859221294
824742716
693956556
536624059
76352556
386404500
105081731
402644271
554690802
605016866
18700590
270512325
602487765
170409662
318727768
889374458
236916469
210050008
543020210
934096698
703414756
457014055
198224666
786291797
42915567
406422800
301333493
222851798
897574866
748018898
942127913
916957057
778610152
185589285
620215042
630339213
759195785
192735622
127693544
123827128
473543006
283151777
89393959
700570847
567602502
331841589
238952575
625255737
86968446
194126700
711982627
817528934
919800880
439906017
585320055
166836923
665022297
928602191
746068704
617281932
444169691
375513650
274843430
475075650
757552300
265220310
785209340
762387718
90289097
111087356
377540587
640406563
90660530
631212757
963087660
931671416
568439111
68691872
882809175
744858603
318042657
101899036
692945801
526626643
361961968
957187971
217175502
450238248
477355115
247062278
677762381
133146605
593955473
530955606
355917313
646701284
956637455
315637876
368684582
808783688
955358146
238646359
380917189
330429270
710976165
908336282
617924824
17372775
929085679
730287430
727134466
195577957
102644559
965768752
107445134
732569544
50673190
595236910
807640249
212087983
500421243
846619624
995181959
102303314
406251720
744283836
897426731
412942857
634853528
11462829
396673993
654194485
495948219
591496030
166023086
553714865
729264437
419667369
281468859
89319745
812388348
654875325
218114299
124660343
754032169
484834991
503880973
655424392
644588905
634668349
313704153
331672514
736254263
622701521
368431494
368554952
850221564
952673532
276301624
398145154
959883437
648078667
971407291
103371944
296573739
86275097
446478268
621529752
174338928
477403805
327684004
950523009
992645
715403689
575525207
755127304
709256181
619622023
305829506
663348285
707878389
499229022
520366585
90262445
591652983
105408691
287514553
197845055
674917580
363831609
566936030
604999549
435121931
210209047
358312761
448544140
176750038
626898154
131342259
922895614
974001114
696177242
973125795
605234034
170291872
676344834
134000254
589664652
868869509
538315776
906527380
201501495
506106095
227909702
138804607
751161439
147548939
571675546
172703869
757337859
347624601
947985892
655623917
500443677
638206964
304437170
686207861
591262604
295555834
823508298
939316372
831776203
925847907
886499575
306925517
775075955
846026599
895091749
59116837
616466011
806894963
531676772
930037424
505821920
679472575
711066906
899813934
438507420
121160956
825260018
235543945
199388355
301589893
794620639
453766745
765295683
275681817
757935371
100767964
297624702
389999147
971921814
867130232
359713690
858164481
677930886
669830855
398887646
881393167
482453552
170277310
258087355
882674830
245333282
930914337
483212867
246106451
236312378
463066466
168973752
923862448
998552318
628383859
765256872
14773483
476250682
723009411
368923952
448580821
336625017
964554997
549468130
984232802
110644281
589357870
436307187
699730461
384778872
147883490
500934001
443774191
290102135
551657435
490901708
170268908
218224796
808197992
566365427
716492938
243201632
642777632
56495683
429969795
927349911
196728699
766403490
651613017
647003148
728349059
590339994
858295843
293191369
789374085
730224573
693045760
207899017
72076721
93625771
883117672
935481761
357794324
565300392
280149437
558009344
187783628
12170599
365347208
288650643
389199959
101124283
939432703
735983803
204112203
271575167
849827511
918774409
774023925
360569926
682323247
240270290
976936715
373514214
879379230
266546614
245126672
741152693
464802024
436262851
258325016
143366096
229698374
36989812
410397258
568725914
519352136
944906706
415416274
388670239
134355206
697533269
796700356
986962866
829461874
232446211
663421915
675139849
870364643
84041596
223641831
880103671
706728351
622315952
330403839
501253521
624760651
157960337
403699764
509928760
706687063
724315833
789730231
150097124
929081517
110877712
61495342
163098651
825564537
44517470
611942594
563956295
248825639
246587030
139906762
197557939
276358067
815139555
140630954
152278720
719613765
710037197
901502086
415615147
391758375
493881864
786353851
902347937
30458176
400437406
803179567
133389290
454611693
577717839
957649970
431617046
958510448
514886471
364813496
770035969
206856481
91688929
495467880
304953793
224253847
346235719
782830802
302829516
82159289
401900874
825329838
504639414
299412504
391660858
915927786
596856740
612428022
584716105
623291004
295226904
926983838
434378082
204806171
84378172
935741424
876183643
254608004
862184834
175279080
879180829
919145052
493759806
166330404
319261093
228916477
938468469
131236870
384399411
507913816
94653536
154523877
813551401
705864635
448333437
779111930
92913492
772452186
268107553
96117553
494195236
585693950
912543362
848369957
851893014
545527870
971846350
170037334
314223211
778628286
771542639
546726412
95756083
765956667
712455769
164065033
202543246
820637938
562732519
2793552
964984703
867080687
156021778
76287044
466812864
537400831
439332473
71995908
388285591
204508064
993701056
365466030
525044119
447189145
511036951
294762345
432263603
151487752
582943811
217158733
662376430
537964779
458459429
22565494
779468502
359592844
79161366
500661473
35112109
11329452
765701985
637007719
236760981
540382311
461699420
72952662
67898694
323368123
225944109
883395241
145367960
815592565
432687420
100765407
487283456
184518044
510220060
720723033
80420961
769078206
616785315
690916491
894657952
724381582
989774204
143210075
113711468
16339774
759386509
500182168
813145831
452451901
928120980
198271873
690772688
537089061
103699186
128016467
320963349
914855338
968851198
614223768
189373125
452178024
27053913
59573074
527008569
967511449
515472569
860626914
12290629
344938326
960745783
631335469
971919902
533360527
588393747
545911516
265414961
792929758
801057117
659624133
841377573
859247357
592215952
306669447
57001296
662072271
357067990
132546374
93715371
504540901
537176604
935855839
996565515
485738886
826906502
227868121
226797422
304588703
79125380
135192286
193091622
72999698
854378249
692431396
910641807
618513163
98266888
99361476
812311297
319047229
317883451
758398365
105182992
468622434
837439782
964598204
956913522
645140633
233356269
615152300
913868576
231468655
338659646
867170696
761061905
926812399
52597049
421822145
359914866
523204408
857088580
579795165
98840872
970375210
905612941
77668606
618147103
859659108
119643916
574669050
692799624
2101200
156493809
340161095
854982323
535220289
83040476
518035769
690263145
263427334
199248834
812173004
897722833
571971749
215444227
458355714
889729315
192047556
239110025
150754287
179235508
856692400
709112312
91250193
71993293
651918232
184771696
35149382
219890081
182984268
595782998
121643760
402355786
411154091
558623036
81080745
374505935
83905069
794730343
391422635
309842481
138249597
295859486
175093100
949402946
396847532
289160801
157934911
936072580
107507492
358377680
305892826
903837823
779803229
86330374
194879035
197136749
811304487
621022416
714184410
48261101
609487886
358582675
912166416
490061080
120516061
953663920
695346482
176521077
27797505
747602981
195207106
620547509
516502357
885537821
81369467
574725307
313661741
176149353
240465119
942412080
633784652
242757987
296730802
872542277
323013380
207257718
218178163
926531982
922546226
820711773
19342349
640020056
268099971
55281276
627811167
999442011
379962555
412011116
101985109
684972381
597512066
575961955
247912374
587536259
939872800
943024653
746018302
257781027
392655068
419219460
693759930
42941598
322607210
751671128
698877192
98553453
460904805
175701145
914965917
631202883
28382262
250782580
15432012
780841958
135349188
99595193
109017985
874570479
403222894
181006740
87115593
155102293
398688424
289335844
439572659
205273680
320550724
504663612
520813629
838284017
813945325
262118702
417748389
449599115
908963190
870519669
782008023
699226456
527128482
188803624
537904606
268595466
939994551
41889964
445762875
391819257
176521706
712016128
740627315
125375308
506700920
495561034
492767143
146123967
342728031
959652230
383915828
738445037
789942510
442040199
850955245
167496452
47750805
888253427
746015450
345779817
861652001
895103119
814662689
529045504
121335135
536060764
642351355
919994023
464335293
477055292
874337044
810584060
367284166
537046267
706452944
404960605
908936322
814894201
108966917
550240645
971268160
14252025
280999277
61588222
750332091
269590839
356417403
188477881
874852786
401141048
138574831
307308069
166913036
916125953
318361297
809689478
362837443
95954404
64463295
80664050
374704802
273213257
340197110
424197254
210203901
951728407
323793155
850610078
415002449
953890368
501089492
617105936
895319614
87181939
706872279
279493792
824096050
459856687
679795145
947544947
256297283
85348131
342937011
996603044
170027234
726270084
264953321
292198709
774775195
817792182
927464234
131921086
539213037
942861296
298565832
618488076
258348890
953229761
461368177
109845935
889417383
528892322
419369559
699017861
798968649
413290951
816255245
845879729
206917027
702853309
179994956
985350850
623757813
875802647
394292628
337629393
337342340
660117893
289078301
481733993
803480391
693925030
360876341
899787820
3393607
192387753
840756109
53311867
951302628
504698662
318507093
924483137
659882139
639611567
415966748
936518423
287987839
745755630
660210181
906680118
803310076
756592627
531241179
872790157
772643732
411473077
706652233
862037579
968796198
922421324
642497471
226211756
995941678
326401475
381631907
446498036
128712838
680288134
71777931
291998267
927440244
999538608
257055209
350873935
927129205
325729855
505469836
573200026
218458559
5121439
785114829
308006062
203305937
40407197
954980362
879622678
639696409
901740298
220934782
638889268
131260072
320343850
650290874
954807696
518419258
678673925
295341957
714996638
867629501
494262581
482959071
448117491
775218744
248627206
112857531
116267446
899772439
266270661
42586910
611895251
738500978
937842460
952948839
618222817
947457411
373049068
488724782
938094306
655658740
516286204
584510181
765187764
895595332
102757200
707918673
623811629
895117014
206295808
505741199
445780253
894293626
845850119
795381524
726894887
954461805
552953718
335691350
822656391
194480941
534185061
784679519
858341034
243529400
148086468
162586034
380932934
186809651
458079174
684547793
401938601
931353645
406255091
283358361
48516335
282330248
425072556
890851044
500621959
556325219
203723042
54156769
292509691
366841819
472088402
463534641
449983750
539254566
591737418
391835299
904294774
84681906
394750968
445471788
372889531
494553714
20518698
164575385
52755822
26292791
512293419
702396876
820673353
36337185
844435331
577061170
143807197
654741163
909553161
710904896
88464114
877449465
766626738
639660487
974691043
745180815
867272897
325325121
505063431
676602973
306603271
202423931
458992486
606565961
741336592
372261459
310789020
291873920
647447760
285408422
754911457
876001351
902819756
843751989
494082719
121226702
855616576
185012688
827354456
633154207
855709978
182629345
377981218
124590131
56863401
188744696
993916321
550048868
505540687
182175015
326303068
175139700
615021654
666792173
772153301
668229654
438590017
354439290
740717132
160594869
96869648
74311622
575670976
614411703
115245057
896954829
974414635
154751247
952560993
417814970
674215338
844427668
199493143
682363658
807119954
494100735
687205620
671199383
425617412
157721525
222071639
729617414
198915542
579372361
755233365
995782283
657080001
963860324
12870106
886104966
874706123
609077316
922230752
613090055
877477926
391917858
162069405
681638880
612993136
688526516
702811059
874636660
621793265
522552596
195142630
411798271
179823202
616989924
59710757
800114073
593407701
409301733
642079567
150540321
653164521
159494086
878825487
770910359
962236458
516569930
524045101
21696133
498283179
8763623
190021335
522077383
513510585
114474427
804466054
988339094
999244993
495986803
964873273
710363205
78308673
291397495
923255314
10120764
940629633
394912292
845609463
138052865
713900712
406349886
7765842
81275027
189197662
157295595
946285449
188421106
865123115
3201020
156681187
903153675
310211175
143487250
331045504
583970672
3189294
991904295
177963037
243049058
387679394
478215793
58044487
473999606
146362202
812621973
596804263
526386497
788883085
181855385
595423160
769232769
907133982
387676365
633636691
121958705
988601508
284055111
571200076
794543149
804699222
849148241
472736453
55239352
955348894
235943647
798543453
176961678
813091010
20926159
17522187
845069709
622083217
767942543
287683304
256539259
974894563
85217509
322421771
164127987
856192007
571753431
281398173
132270931
198567696
711394702
867643142
16754930
391257735
116715877
336934618
256298500
835789297
990231088
433410605
559576723
416369066
574700862
997516023
534462925
747825710
102898955
101628021
329427633
621958061
145709579
196016686
921374920
68950443
18284121
355012295
918159121
149179325
436415079
548207066
826819702
473813421
317094754
940857582
554833906
118692145
775263869
836684522
722223233
95165042
771772659
710583096
860983727
725553923
616045397
217595429
218495414
446016461
153355586
830662722
949978495
669699587
542654599
410125962
955769041
8474792
912739732
609699828
21707755
104787751
267453023
361929578
119259749
970135741
494826824
326636199
510149814
105538724
518545008
487313441
343464174
196094314
110073627
221167784
885355287
804279863
903164206
707058728
546572047
291448646
712632895
944981298
962521553
810059276
355310808
621078229
194120757
644922917
928490037
61501533
802013463
248972492
591386842
304204089
425874625
461652376
263096631
832660843
12774846
77468791
482918635
193652468
629837667
234410218
758774394
362843149
158798705
75774266
291747384
810374998
590431033
164702359
59616929
813634689
469411238
425025244
328354118
182564167
672352943
98726989
128780474
804744493
504726228
231902149
744563418
341392758
291178433
183546820
597946284
522448146
29533790
349057401
668674038
45384236
534643329
463952985
557540996
436551713
205464795
728188667
518679166
968770687
565201147
643568096
819006744
835773698
308946595
868568986
474473848
69468263
539996282
465965428
638973988
587929782
138705702
122337529
319873964
507025346
237827439
498580049
709565167
658697973
503752056
389253034
617132559
708535783
420480861
577546875
334659265
857068504
82043772
832846758
743007669
840826551
491436228
550211369
611942086
762828575
491053209
187910656
715555983
112854528
989323088
860886351
669472582
652827658
71231002
732736267
44081764
957607970
852363026
707086296
437361205
966928580
793113360
77394420
911138309
704340709
167524674
878977306
598963897
320136746
717824307
179945992
358978569
183087802
625008930
643541233
649141584
639996259
247664069
663515391
548580382
11760990
521020338
166036254
866821992
932193359
206855826
314465069
272403690
741356541
689787873
855498999
899037715
891433735
145397770
244007704
980226113
624850787
165242530
969970815
324842829
456594520
936734741
358963887
738952538
953772407
97680092
967692873
926759287
269414796
433706528
555724608
695960988
839926734
553538679
66502370
367424616
424222614
912824354
520807876
34303994
262494027
582158832
802223206
478702197
765941985
136828493
566306564
911358716
11050553
298566017
658863652
840499630
158675873
93582851
766114849
898894735
453792317
42559716
524794651
935422365
422125554
474094564
85403774
485253187
115792215
186670425
272797699
299910835
209437980
777538605
764343198
466051487
404627904
105866735
105631237
635253012
451797178
761474560
108120681
723959774
446711051
983282419
454023904
184325810
835843386
75719332
934631218
680587360
312874272
246477879
507566110
787135916
999809791
792920853
540455741
813608085
744983410
661425926
759630009
503250847
21140155
780067688
500336051
896485024
39355374
449729463
462536059
284424576
713939518
345178013
420360710
831777960
871018868
473471186
932330687
833214804
744804398
111181462
514126835
613767623
902082667
879165613
543664489
620526905
351501251
930662114
858275628
201102354
275058879
624996426
323072641
877251888
22740096
9237347
956856121
389153631
87364456
683579168
528143016
706450719
18432177
499601700
637577077
157986069
332914262
718937265
229531485
728994898
780282100
274232802
938303706
157342671
795299444
809111551
74658329
695080440