4326
5147
2835
8853
8374
9332
364
9222
8703
4845
9623
6778
3361
1120
601
3994
2594
6156
7461
8315
9999
6089
1693
8011
9040
7538
814
6155
2239
2232
1
8789
9222
7060
6674
5442
3144
2640
6772
817
6002
8682
4253
440
7149
9323
685
1390
8408
1964
5322
9133
6673
1593
5625
7559
879
5824
6082
7605
1092
6727
7577
8693
6693
5352
8863
6493
1396
6346
1803
7220
1048
1655
7353
3114
8706
9824
6566
7254
9489
5085
5672
6277
6337
1117
21
1951
112
6132
1724
3934
9850
2614
2481
1683
4403
2174
5497
211
7934
7054
6153
9720
3394
9347
6830
5388
3263
1817
8513
7788
9482
4062
2935
1873
2272
40
6202
2629
7291
6778
981
5213
2687
5086
5489
8583
96
2358
5820
1447
6524
5555
7398
4833
6990
8684
3873
3619
1264
14
6429
204
925
7204
5580
896
8518
2497
8943
2960
1268
2665
2127
870
7598
8227
7807
5678
171
3688
5019
2358
5937
1373
6987
26
5290
5260
5732
3181
8357
830
3599
6008
6309
2236
9909
253
6261
121
8601
7605
1568
1816
8969
1288
3308
371
8412
3462
4921
2149
1889
4625
8802
5195
5153
9666
6753
9810
4069
7989
3942
7820
9646
4929
4881
6479
8226
7057
3570
530
9367
376
6898
5561
5636
7527
4374
334
2185
6016
3956
61
2779
4967
790
8608
2774
7505
4811
7259
9252
9878
21
6672
9474
1872
5352
7391
6638
7289
5028
4178
4466
155
6835
1812
5014
3091
8140
6875
4381
1843
2269
9919
2317
7136
209
8269
3685
5284
8757
3091
4009
944
6282
6085
6471
8558
8855
5479
156
9124
8582
2341
2168
2750
8601
3663
7919
1275
5817
6466
5948
118
5574
1465
3867
6394
8356
6073
7657
7170
5391
328
3514
6303
6664
3714
2656
2392
4800
8575
2857
5942
8078
8639
8332
9326
5221
701
8854
7587
1570
4959
6405
6228
1798
7688
9815
6661
5331
9601
4037
2787
7845
1498
1403
4083
8162
8152
4688
4462
8114
9709
3107
1794
245
9341
1773
506
6795
4933
8407
1482
5998
2079
1541
2937
1512
565
8649
7060
8642
3456
416
3125
6721
334
3701
688
3808
1493
6366
7676
9118
2324
4861
3654
6884
7850
6359
2760
4199
7155
5764
3246
9602
6595
993
9680
1766
3173
1416
3744
1441
1216
8425
4318
3149
506
5516
9772
4399
8734
1744
8020
8557
438
9565
159
6639
2864
3872
1478
2660
3459
375
2222
3327
7448
7081
6168
6829
2028
8491
4015
1784
4965
4960
1515
1101
1034
7250
7956
9405
2631
3039
7880
2920
6433
1891
5001
5258
4809
3477
1436
7132
6888
8912
9797
4058
4489
1698
6893
5574
9683
4826
4965
1143
3017
3857
4591
7440
8313
4515
3005
9872
7163
5664
2061
1894
5756
4285
5261
8876
6833
2718
2712
2549
2158
9916
6873
780
7698
5362
1216
935
9237
2420
1528
2827
7980
8533
4254
9174
9801
557
7219
7587
5583
835
9152
7050
2263
4529
5768
9290
1545
5022
2882
26
8109
7878
7215
6731
2818
9554
4833
2871
1614
5487
7497
8328
2685
174
8209
8869
5160
7387
430
922
899
6737
5302
819
8354
2328
1091
4693
6649
5172
417
1617
1840
6863
7284
4289
8162
8778
2002
3166
2896
927
6807
7652
117
4671
8548
9268
3719
8787
1211
1838
93
5249
7432
8696
6249
5853
1866
8324
6011
4280
8202
6455
2467
1910
8232
1715
5253
412
9034
2908
6873
7772
9178
7436
361
1757
940
215
7768
8148
3743
2109
8697
8899
218
605
1792
1715
2478
3621
5019
5036
1218
57
8673
6220
1623
893
4802
2043
2175
2637
9176
459
9572
7711
3255
9826
6093
3619
2199
2905
2889
6459
1528
3364
2520
4330
945
6785
1055
1512
7258
3135
2826
4837
5932
8755
377
1072
661
6612
7633
6904
3539
7487
1324
1045
2416
1142
953
8522
3089
3684
5989
62
7852
3309
7775
2099
3087
9000
6520
9314
8653
1254
4549
7567
8418
2487
8488
7470
5339
5570
2588
7033
1790
6675
4658
9785
860
7291
3373
9062
3688
7989
9230
6702
6066
8814
1886
7293
1334
6513
2255
1100
6109
437
2451
8222
2520
9237
9040
8755
3892
8775
2685
2132
9541
9384
3958
584
4000
7137
958
3606
6750
1214
3514
2150
3747
3736
3551
7945
8082
7494
7005
1900
5847
5403
8714
2820
7954
123
4896
1854
255
2138
4164
1930
6448
365
9169
2145
5987
9887
6586
8382
1736
6382
1925
8543
473
750
9135
5204
9548
9432
9751
8710
88
7709
6025
6832
560
2900
4786
6085
353
5418
2639
8571
9538
5721
7395
9879
7026
4864
8283
5611
8664
4709
5320
8501
3747
7636
6002
9640
9233
761
9489
4848
9766
3731
6031
1153
2808
6129
3420
492
3632
9891
1651
6224
3317
5288
7898
7802
7995
5222
9058
3849
9853
5973
9384
2333
3347
6700
6467
3075
9761
2042
5935
1086
7916
4525
8911
2623
2850
5708
6481
8580
8148
5900
7400
3956
5034
3855
9574
1699
2513
6801
5016
565
4259
5181
997
2009
2943
3358
9985
9379
6023
2040
5284
9090
9666
6087
9445
7262
6088
7453
4946
8172
1629
4223
9590
7704
5586
1
2840
4724
565
320
643
9827
4556
9396
1038
568
5563
4185
9609
3048
4282
8277
3757
5815
2403
3045
9531
6515
1522
3548
681
6500
6711
3997
1099
2
1094
5808
4410
6243
5609
5346
5333
5717
3204
6339
5855
1062
2891
5380
6743
2993
337
9427
107
6960
3353
7358
733
5170
294
7113
8915
2202
9815
3565
2215
3940
2239
1891
8909
3565
1636
1790
5411
6766
5995
5114
378
596
6454
1027
5069
4280
6726
151
6794
7035
1191
8435
428
2426
7410
2875
4440
1241
3440
4137
9415
6500
631
3818
461
2432
8200
8744
6061
7194
1280
5578
6718
5378
8560
7771
6719
5735
6816
1540
4692
798
3886
9070
5810
7335
5435
7585
683
3690
738
8675
6355
8304
8049
784
2470
9163
586
8209
3383